-2.1191
-2.1191
-2.1191
-2.1191
-2.8281
-2.8281
-2.8281
-2.8281
-2.5826
-2.5826
-1.5591
-2.5826
-1.5591
-1.5591
-2.5826
-1.5591
-2.6094
-2.6094
-2.6094
-2.6094
-2.1641
-2.1641
-2.1641
-2.1641
-1.2707
-1.2707
-1.2707
-1.2707
-2.1512
-2.1512
-2.1512
-2.1512
-1.1288
-1.1288
-1.1288
-1.1288
-1.8732
-1.8732
-1.8732
-1.8732
-2.0449
-2.0449
-2.0449
-2.0449
-1.5938
-1.5938
-0.98689
-1.5938
-0.98689
-0.98689
-1.5938
-0.98689
-1.6096
-1.6096
-1.6096
-1.6096
-1.3211
-1.3211
-1.3211
-0.71434
-0.71434
-1.3211
-0.71434
-0.71434
-1.4292
-1.4292
-1.4292
-1.4292
-0.42365
-0.42365
-0.42365
-0.42365
-10.27
-10.27
-0.64467
-0.64467
-0.64467
-0.22034
-0.64467
-0.22034
-0.22034
-0.22034
-1.1315
-1.1315
-1.1315
-1.1315
-0.5892
-0.5892
-0.5892
-0.21776
-0.5892
-0.21776
-0.21776
-0.21776
-0.49984
-0.49984
-0.49984
-0.49984
-0.90131
-0.90131
-0.44874
-0.44874
-0.44874
-0.44874
-0.90131
-0.90131
-10.164
-10.164
-0.56386
-0.21388
-0.56386
-0.56386
-0.21388
-0.21388
-0.21388
-0.56386
-1.0829
-1.0829
-1.0829
-1.0829
-0.54707
-0.54707
-0.54707
-0.2113
-0.54707
-0.2113
-0.2113
-0.2113
-0.47717
-0.47717
-0.47717
-0.47717
-0.53036
-0.53036
-0.53036
-0.53036
-0.20872
-0.20872
-0.20872
-0.20872
-0.46824
-0.46824
-0.46824
-0.46824
-0.39945
-0.39945
-0.39945
-0.85307
-0.85307
-0.85307
-0.39945
-0.85307
-10.048
-10.048
-0.54396
-0.54396
-0.54396
-0.20485
-0.20485
-0.54396
-0.20485
-0.20485
-1.3459
-1.3459
-1.3459
-1.3459
-0.34817
-0.34817
-0.34817
-0.34817
-0.56598
-0.60851
-0.20227
-0.60851
-0.20227
-0.20227
-0.56598
-0.20227
-9.1259
-9.1259
-0.5318
-0.5318
-0.29827
-0.5318
-0.5318
-0.29827
-0.29827
-0.29827
