0,0
1.1991,0.5
4.7966,1
8.1062,1.5
8.1062,2
8.1062,2.5
8.1062,3
8.1062,3.5
8.1062,4
8.1062,4.5
8.1062,5
8.1062,5.5
8.1062,6
8.1062,6.5
8.1062,7
8.1062,7.5
8.1062,8
8.1062,8.5
8.1062,9
8.1062,9.5
8.1062,10
8.1062,10.5
8.1062,11
8.1062,11.5
8.1062,12
8.1062,12.5
8.1062,13
8.1062,13.5
8.1062,14
8.1062,14.5
8.1062,15
8.1062,15.5
8.1062,16
8.1062,16.5
8.1062,17
8.1062,17.5
8.1062,18
8.1062,18.5
8.1062,19
8.1062,19.5
8.1062,20
8.1062,20.5
8.1062,21
8.1062,21.5
8.1062,22
8.1062,22.5
8.1062,23
8.1062,23.5
8.1062,24
8.1062,24.5
8.1062,25
8.1062,25.5
8.1062,26
8.1062,26.5
8.1062,27
8.1062,27.5
8.1062,28
8.1062,28.5
8.1062,29
8.1062,29.5
8.1062,30
8.1062,30.5
8.1062,31
8.1062,31.5
8.1062,32
8.1062,32.5
8.1062,33
8.1062,33.5
8.1062,34
8.1062,34.5
8.1062,35
8.1062,35.5
8.1062,36
8.1062,36.5
8.1062,37
8.1062,37.5
8.1062,38
8.1062,38.5
8.1062,39
8.1062,39.5
8.1062,40
8.1062,40.5
8.1062,41
8.1062,41.5
8.1062,42
8.1062,42.5
8.1062,43
8.1062,43.5
8.1062,44
8.1062,44.5
8.1062,45
8.1062,45.5
8.1062,46
8.1062,46.5
8.1062,47
8.1062,47.5
8.1062,48
8.1062,48.5
8.1062,49
8.1062,49.5
8.1062,50
8.1062,50.5
8.1062,51
8.1062,51.5
8.1062,52
8.1062,52.5
8.1062,53
8.1062,53.5
8.1062,54
8.1062,54.5
8.1062,55
8.1062,55.5
8.1062,56
8.1062,56.5
8.1062,57
8.1062,57.5
8.1062,58
8.1062,58.5
8.1062,59
8.1062,59.5
8.1062,60
8.1062,60.5
8.1062,61
8.1683,61.5
8.2463,62
8.3235,62.5
8.3967,63
8.4701,63.5
8.5144,64
8.5144,64.5
8.5144,65
8.5144,65.5
8.5144,66
8.5144,66.5
8.5144,67
8.5144,67.5
8.5144,68
8.5144,68.5
8.5144,69
8.5144,69.5
8.5144,70
8.5144,70.5
8.5144,71
8.5144,71.5
8.5144,72
8.5144,72.5
8.5144,73
8.5144,73.5
8.5144,74
8.5144,74.5
8.5144,75
8.5144,75.5
8.5144,76
8.5144,76.5
8.5144,77
8.5144,77.5
8.5144,78
8.5144,78.5
8.5144,79
8.5144,79.5
8.5144,80
8.5144,80.5
8.5144,81
8.5144,81.5
8.5144,82
8.5144,82.5
8.5735,83
8.7224,83.5
8.8725,84
9.0308,84.5
9.1952,85
9.3611,85.5
9.3611,86
9.3611,86.5
9.3611,87
9.3611,87.5
9.3611,88
9.3611,88.5
9.3611,89
9.3611,89.5
9.5621,90
9.8165,90.5
10.022,91
10.022,91.5
10.022,92
10.022,92.5
10.022,93
10.022,93.5
10.022,94
10.022,94.5
10.022,95
10.022,95.5
10.022,96
10.022,96.5
10.022,97
10.022,97.5
10.07,98
10.151,98.5
10.232,99
10.318,99.5
10.406,100
10.492,100.5
10.574,101
10.657,101.5
10.707,102
10.707,102.5
10.707,103
10.547,103.5
10.283,104
10.022,104.5
10.022,105
10.022,105.5
10.022,106
10.022,106.5
10.022,107
9.9744,107.5
9.8948,108
9.8155,108.5
9.7315,109
9.6467,109.5
9.5948,110
9.6733,110.5
9.7522,111
9.8313,111.5
9.9107,112
9.9904,112.5
10.022,113
10.022,113.5
10.022,114
10.022,114.5
10.022,115
10.022,115.5
10.022,116
10.022,116.5
10.022,117
10.022,117.5
10.022,118
10.022,118.5
10.022,119
10.038,119.5
10.119,120
10.199,120.5
10.28,121
10.362,121.5
10.443,122
10.529,122.5
10.618,123
10.707,123.5
10.707,124
10.707,124.5
10.707,125
10.707,125.5
10.707,126
10.756,126.5
10.839,127
10.923,127.5
11.006,128
11.09,128.5
11.175,129
11.266,129.5
11.358,130
11.447,130.5
11.533,131
11.619,131.5
11.709,132
11.803,132.5
11.896,133
11.984,133.5
12.071,134
12.161,134.5
12.256,135
12.352,135.5
12.444,136
12.533,136.5
12.623,137
12.713,137.5
12.803,138
12.893,138.5
12.992,139
13.09,139.5
13.186,140
13.278,140.5
13.37,141
13.467,141.5
13.567,142
13.668,142.5
13.762,143
13.855,143.5
13.951,144
14.053,144.5
14.155,145
14.254,145.5
14.349,146
14.445,146.5
14.542,147
14.638,147.5
14.735,148
15.263,148.5
15.799,149
16.166,149.5
16.268,150
16.371,150.5
16.478,151
16.589,151.5
16.7,152
16.803,152.5
16.907,153
17.013,153.5
17.125,154
17.238,154.5
17.664,155
18.308,155.5
18.963,156
19.184,156.5
19.295,157
19.406,157.5
20.011,158
20.625,158.5
21.044,159
21.16,159.5
21.277,160
22.161,160.5
23.595,161
25.073,161.5
25.327,162
25.582,162.5
25.925,163
26.623,163.5
27.331,164
28.907,164.5
31.124,165
33.423,165.5
33.892,166
33.892,166.5
33.892,167
33.892,167.5
33.892,168
33.892,168.5
33.892,169
33.892,169.5
34.754,170
36.215,170.5
37.705,171
37.86,171.5
38.016,172
38.647,172.5
41.229,173
43.895,173.5
45.086,174
45.256,174.5
45.427,175
45.597,175.5
45.768,176
45.939,176.5
49.131,177
52.431,177.5
54.537,178
54.724,178.5
54.911,179
56.942,179.5
60.279,180
63.71,180.5
64.114,181
64.52,181.5
65.682,182
69.944,182.5
74.339,183
76.267,183.5
76.488,184
76.71,184.5
78.537,185
80.794,185.5
83.084,186
83.332,186.5
83.581,187
83.823,187.5
84.055,188
84.287,188.5
85.888,189
88.431,189.5
91.011,190
91.252,190.5
91.494,191
92.076,191.5
94.028,192
96,192.5
97.301,193
97.57,193.5
97.839,194
99.501,194.5
101.53,195
103.58,195.5
103.86,196
104.13,196.5
104.4,197
104.66,197.5
104.92,198
106.37,198.5
108.63,199
110.91,199.5
111.18,200
111.45,200.5
111.71,201
111.98,201.5
112.25,202
112.53,202.5
112.81,203
113.1,203.5
114.46,204
116.09,204.5
117.73,205
118.02,205.5
118.32,206
118.61,206.5
118.88,207
119.16,207.5
119.45,208
119.75,208.5
120.04,209
120.32,209.5
120.6,210
120.99,210.5
121.82,211
122.66,211.5
123.29,212
123.59,212.5
123.89,213
124.18,213.5
124.46,214
124.74,214.5
125.05,215
125.35,215.5
125.65,216
125.93,216.5
126.22,217
127.25,217.5
128.79,218
130.34,218.5
130.92,219
131.5,219.5
132.55,220
135.48,220.5
138.44,221
140.36,221.5
140.68,222
141,222.5
143,223
145.43,223.5
147.88,224
148.21,224.5
148.54,225
148.86,225.5
149.17,226
149.48,226.5
150.61,227
152.28,227.5
153.97,228
154.28,228.5
154.59,229
155.22,229.5
157.12,230
159.03,230.5
160.32,231
160.66,231.5
161.01,232
163.66,232.5
166.91,233
170.19,233.5
170.55,234
170.9,234.5
171.25,235
171.58,235.5
171.91,236
173.98,236.5
177.23,237
180.51,237.5
181.87,238
183.24,238.5
184.61,239
185.98,239.5
187.37,240
188.35,240.5
188.72,241
189.1,241.5
188.62,242
187.92,242.5
187.23,243
188.72,243.5
190.22,244
191.41,244.5
192.11,245
192.81,245.5
193.51,246
194.22,246.5
194.92,247
195.37,247.5
195.75,248
196.19,248.5
196.9,249
197.61,249.5
198.04,250
198.04,250.5
198.04,251
198.04,251.5
198.04,252
198.04,252.5
198.04,253
198.04,253.5
198.04,254
198.04,254.5
198.04,255
198.04,255.5
198.04,256
198.04,256.5
198.04,257
198.04,257.5
198.04,258
198.04,258.5
198.04,259
198.04,259.5
198.04,260
198.04,260.5
198.04,261
198.04,261.5
198.04,262
198.04,262.5
198.04,263
198.04,263.5
198.04,264
198.04,264.5
197.83,265
197.47,265.5
197.12,266
197.05,266.5
197.05,267
197.05,267.5
197.05,268
197.05,268.5
196.89,269
196.51,269.5
196.13,270
196.05,270.5
196.05,271
196.05,271.5
196.05,272
196.05,272.5
196.05,273
196.05,273.5
196.05,274
196.05,274.5
196.05,275
196.05,275.5
196.05,276
196.05,276.5
196.12,277
196.48,277.5
196.83,278
197.2,278.5
197.58,279
197.96,279.5
198.04,280
198.04,280.5
198.04,281
198.04,281.5
198.04,282
198.04,282.5
198.04,283
198.04,283.5
198.04,284
198.04,284.5
198.04,285
198.04,285.5
198.04,286
198.04,286.5
198.04,287
198.04,287.5
198.04,288
198.04,288.5
198.04,289
197.76,289.5
197.4,290
197.05,290.5
196.66,291
196.28,291.5
195.77,292
195.06,292.5
194.36,293
194.07,293.5
194.07,294
194.07,294.5
193.77,295
193.39,295.5
193.02,296
192.67,296.5
192.32,297
191.95,297.5
191.58,298
191.2,298.5
191.13,299
191.13,299.5
191.13,300
191.13,300.5
191.13,301
191.13,301.5
191.13,302
191.13,302.5
191.13,303
191.13,303.5
191.13,304
191.13,304.5
191.13,305
191.13,305.5
191.13,306
191.13,306.5
191.13,307
191.13,307.5
191.13,308
191.13,308.5
191.13,309
191.13,309.5
191.13,310
191.13,310.5
191.2,311
191.58,311.5
191.95,312
191.9,312.5
191.55,313
191.2,313.5
191.13,314
191.13,314.5
191.06,315
190.71,315.5
190.36,316
190.75,316.5
192.26,317
193.77,317.5
194.36,318
194.71,318.5
195.06,319
195.42,319.5
195.77,320
196.13,320.5
196.51,321
196.89,321.5
196.41,322
195.34,322.5
194.29,323
194.07,323.5
194.07,324
194.07,324.5
194.07,325
194.07,325.5
194.99,326
197.27,326.5
199.58,327
200.32,327.5
200.68,328
201.04,328.5
201.4,329
201.76,329.5
202.05,330
202.05,330.5
202.05,331
202.26,331.5
202.62,332
202.98,332.5
203.68,333
204.46,333.5
205.08,334
205.08,334.5
205.08,335
205.55,335.5
206.72,336
207.9,336.5
208.42,337
208.79,337.5
209.16,338
209.52,338.5
209.89,339
210.26,339.5
210.66,340
211.05,340.5
211.87,341
212.98,341.5
214.09,342
214.63,342.5
215.03,343
215.42,343.5
215.79,344
216.16,344.5
216.55,345
216.95,345.5
217.35,346
217.43,346.5
217.43,347
217.43,347.5
217.43,348
217.43,348.5
217.51,349
217.91,349.5
218.31,350
218.48,350.5
218.48,351
218.48,351.5
218.8,352
219.2,352.5
219.75,353
220.88,353.5
222,354
222.85,354.5
223.25,355
223.66,355.5
223.74,356
223.74,356.5
223.74,357
223.74,357.5
223.74,358
223.74,358.5
223.74,359
223.74,359.5
223.97,360
224.35,360.5
224.73,361
224.8,361.5
224.8,362
225.26,362.5
227.54,363
229.84,363.5
231.22,364
231.22,364.5
231.22,365
231.22,365.5
231.22,366
231.22,366.5
231.6,367
231.99,367.5
232.3,368
232.3,368.5
232.3,369
232.07,369.5
231.68,370
231.3,370.5
230.89,371
230.47,371.5
230.07,372
229.68,372.5
229.3,373
229.07,373.5
229.07,374
229.07,374.5
229.07,375
229.07,375.5
229.07,376
229.45,376.5
229.84,377
230.06,377.5
229.65,378
229.24,378.5
229.07,379
229.07,379.5
229.07,380
228.74,380.5
228.33,381
227.92,381.5
227.54,382
227.16,382.5
226.93,383
226.93,383.5
226.93,384
226.93,384.5
226.93,385
226.93,385.5
228.08,386
229.22,386.5
230.23,387
230.64,387.5
231.05,388
231.22,388.5
231.22,389
231.22,389.5
230.89,390
230.47,390.5
229.91,391
228.76,391.5
227.62,392
226.93,392.5
226.93,393
226.93,393.5
226.93,394
226.93,394.5
226.93,395
226.55,395.5
226.17,396
225.7,396.5
224.88,397
224.07,397.5
223.74,398
223.74,398.5
223.74,399
223.74,399.5
223.74,400
223.82,400.5
224.2,401
224.58,401.5
224.95,402
225.33,402.5
225.71,403
226.11,403.5
226.52,404
226.93,404.5
227.31,405
227.69,405.5
228.08,406
228.49,406.5
228.91,407
230.45,407.5
232.76,408
235.08,408.5
235.88,409
236.3,409.5
237.26,410
240.39,410.5
243.53,411
245.59,411.5
245.99,412
246.38,412.5
249.12,413
253.43,413.5
257.79,414
258.19,414.5
258.6,415
259.01,415.5
259.45,416
259.89,416.5
260.31,417
260.72,417.5
261.13,418
260.86,418.5
260.42,419
260.07,419.5
260.07,420
260.07,420.5
259.9,421
259.5,421.5
259.09,422
259.19,422.5
259.63,423
260.07,423.5
260.47,424
260.88,424.5
261.3,425
261.74,425.5
262.18,426
262.6,426.5
263.01,427
263.42,427.5
264.16,428
264.98,428.5
265.81,429
268.03,429.5
270.27,430
271.78,430.5
272.2,431
272.62,431.5
273.86,432
275.67,432.5
277.48,433
276.64,433.5
275.8,434
274.95,434.5
274.04,435
273.14,435.5
272.53,436
272.11,436.5
271.7,437
269.28,437.5
266.39,438
263.5,438.5
263.5,439
263.5,439.5
263.5,440
263.5,440.5
263.5,441
263.5,441.5
263.5,442
263.5,442.5
263.92,443
264.33,443.5
264.66,444
264.66,444.5
264.66,445
264.66,445.5
264.66,446
264.66,446.5
264.66,447
264.66,447.5
264.66,448
265.1,448.5
265.54,449
265.97,449.5
266.39,450
266.8,450.5
266.96,451
266.96,451.5
266.96,452
266.55,452.5
266.14,453
265.72,453.5
265.28,454
264.83,454.5
264.41,455
264,455.5
263.59,456
263.18,456.5
262.77,457
262.36,457.5
261.91,458
261.47,458.5
261.05,459
260.64,459.5
260.23,460
259.8,460.5
259.36,461
258.93,461.5
258.52,462
258.11,462.5
257.35,463
255.17,463.5
253,464
251.89,464.5
251.49,465
251.09,465.5
250.37,466
249.57,466.5
248.77,467
247.05,467.5
245.35,468
243.69,468.5
242.11,469
240.54,469.5
239.41,470
238.57,470.5
237.73,471
238.12,471.5
238.51,472
238.82,472.5
238.82,473
238.82,473.5
238.58,474
238.19,474.5
237.8,475
235.24,475.5
232.14,476
229.07,476.5
228.66,477
228.25,477.5
227.39,478
225.87,478.5
224.35,479
223.74,479.5
223.74,480
223.74,480.5
221.1,481
218.48,481.5
216.23,482
215.43,482.5
214.63,483
214.31,483.5
214.31,484
214.31,484.5
212.83,485
210.99,485.5
209.16,486
208.76,486.5
208.37,487
206.97,487.5
204.07,488
201.18,488.5
199.58,489
198.81,489.5
198.04,490
195.91,490.5
193.79,491
192.04,491.5
191.69,492
191.34,492.5
190.98,493
190.6,493.5
190.22,494
189.87,494.5
189.52,495
189.17,495.5
188.8,496
188.42,496.5
187.64,497
186.26,497.5
184.88,498
183.89,498.5
183.15,499
182.42,499.5
181.05,500
179.69,500.5
178.54,501
178.2,501.5
177.87,502
176.94,502.5
175.13,503
173.33,503.5
173.24,504
173.57,504.5
173.91,505
173.91,505.5
173.91,506
174.58,506.5
176.25,507
177.93,507.5
178.83,508
179.19,508.5
179.56,509
176.86,509.5
174.17,510
171.98,510.5
171.65,511
171.32,511.5
170.26,512
168.14,512.5
166.02,513
165.08,513.5
164.43,514
163.79,514.5
161.35,515
158.94,515.5
157.5,516
157.5,516.5
157.5,517
157.3,517.5
156.96,518
156.61,518.5
156.61,519
156.61,519.5
156.61,520
156.61,520.5
156.61,521
156.61,521.5
156.61,522
156.61,522.5
156.61,523
156.61,523.5
156.61,524
154.58,524.5
152.55,525
151.22,525.5
150.91,526
150.6,526.5
150.27,527
149.94,527.5
149.6,528
148.68,528.5
147.75,529
146.95,529.5
146.65,530
146.34,530.5
145.37,531
143.41,531.5
141.46,532
140.83,532.5
140.53,533
140.23,533.5
139.9,534
139.58,534.5
139.27,535
138.97,535.5
138.67,536
138.55,536.5
138.55,537
138.55,537.5
137.37,538
136.18,538.5
135.18,539
134.89,539.5
134.59,540
134.29,540.5
133.98,541
133.66,541.5
133.36,542
133.07,542.5
132.78,543
130.9,543.5
129.04,544
127.81,544.5
127.53,545
127.24,545.5
127.13,546
127.13,546.5
127.13,547
126.88,547.5
126.58,548
126.27,548.5
125.99,549
125.71,549.5
125.17,550
124.26,550.5
123.35,551
122.94,551.5
122.66,552
122.38,552.5
122.38,553
122.38,553.5
122.38,554
122.38,554.5
122.38,555
122.38,555.5
122.38,556
122.38,556.5
122.38,557
122.38,557.5
122.33,558
122.05,558.5
121.77,559
121.48,559.5
121.18,560
120.88,560.5
120.6,561
120.32,561.5
120.04,562
119.45,562.5
118.85,563
118.5,563.5
118.5,564
118.5,564.5
118,565
117.18,565.5
116.36,566
115.96,566.5
115.67,567
115.49,567.5
115.76,568
116.03,568.5
115.84,569
114.97,569.5
114.09,570
113.7,570.5
113.43,571
113.16,571.5
113.16,572
113.16,572.5
113.05,573
112.79,573.5
112.52,574
112.41,574.5
112.41,575
112.41,575.5
112.41,576
112.41,576.5
112.41,577
112.41,577.5
112.41,578
112.29,578.5
112.01,579
111.72,579.5
111.45,580
111.18,580.5
110.91,581
110.63,581.5
110.34,582
109.53,582.5
107.95,583
106.38,583.5
105.13,584
104.09,584.5
103.06,585
102.42,585.5
101.87,586
101.02,586.5
98.998,587
96.995,587.5
95.589,588
95.057,588.5
94.527,589
93.636,589.5
92.659,590
91.688,590.5
90.648,591
89.613,591.5
88.9,592
88.662,592.5
88.423,593
88.186,593.5
87.948,594
87.711,594.5
87.46,595
87.206,595.5
86.955,596
86.72,596.5
86.484,597
86.343,597.5
86.343,598
86.343,598.5
86.343,599
86.343,599.5
86.343,600
86.343,600.5
86.343,601
86.343,601.5
86.343,602
86.343,602.5
86.343,603
86.343,603.5
86.343,604
86.14,604.5
85.888,605
85.639,605.5
85.405,606
85.171,606.5
84.931,607
84.68,607.5
84.43,608
83.638,608.5
82.716,609
81.798,609.5
81.798,610
81.798,610.5
81.798,611
81.798,611.5
81.798,612
81.798,612.5
81.798,613
81.798,613.5
81.798,614
81.798,614.5
81.661,615
80.976,615.5
80.295,616
79.887,616.5
79.887,617
79.887,617.5
79.706,618
79.481,618.5
79.256,619
79.031,619.5
78.806,620
78.578,620.5
78.337,621
78.096,621.5
77.197,622
75.87,622.5
74.554,623
74.104,623.5
73.87,624
73.639,624.5
73.422,625
73.206,625.5
72.797,626
72.101,626.5
71.409,627
70.759,627.5
70.123,628
69.489,628.5
69.489,629
69.489,629.5
69.489,630
69.489,630.5
69.489,631
69.489,631.5
69.489,632
69.489,632.5
69.67,633
69.898,633.5
70.08,634
70.08,634.5
70.08,635
70.08,635.5
70.08,636
70.08,636.5
70.08,637
70.08,637.5
70.08,638
70.08,638.5
70.08,639
70.08,639.5
70.08,640
70.08,640.5
69.826,641
69.404,641.5
68.983,642
68.719,642.5
68.493,643
68.229,643.5
67.812,644
67.396,644.5
67.058,645
66.835,645.5
66.612,646
66.568,646.5
66.568,647
66.568,647.5
66.362,648
66.156,648.5
65.947,649
65.726,649.5
65.505,650
65.294,650.5
65.09,651
64.887,651.5
64.846,652
64.846,652.5
64.846,653
64.846,653.5
64.846,654
64.758,654.5
64.539,655
64.32,655.5
64.114,656
63.912,656.5
63.71,657
63.508,657.5
63.307,658
63.102,658.5
62.886,659
62.67,659.5
62.464,660
62.264,660.5
62.065,661
61.341,661.5
60.49,662
59.775,662.5
59.58,663
59.385,663.5
59.19,664
58.995,664.5
58.801,665
58.348,665.5
57.726,666
57.107,666.5
57.107,667
57.107,667.5
57.066,668
56.86,668.5
56.655,669
56.687,669.5
56.878,670
57.069,670.5
56.942,671
56.737,671.5
56.535,672
56.345,672.5
56.155,673
55.814,673.5
55.249,674
54.686,674.5
54.221,675
53.821,675.5
53.422,676
53.237,676.5
53.053,677
52.905,677.5
52.905,678
52.905,678.5
52.905,679
52.905,679.5
52.905,680
52.905,680.5
52.905,681
52.869,681.5
52.685,682
52.501,682.5
52.172,683
51.625,683.5
51.082,684
50.516,684.5
49.937,685
49.361,685.5
48.653,686
47.95,686.5
47.353,687
47.166,687.5
46.979,688
46.8,688.5
46.627,689
46.455,689.5
46.42,690
46.42,690.5
46.42,691
46.42,691.5
46.42,692
46.351,692.5
46.179,693
46.008,693.5
45.828,694
45.644,694.5
45.461,695
45.461,695.5
45.461,696
45.461,696.5
45.461,697
45.461,697.5
45.358,698
45.188,698.5
45.018,699
44.838,699.5
44.656,700
44.51,700.5
44.51,701
44.51,701.5
44.51,702
44.51,702.5
44.51,703
44.51,703.5
44.51,704
44.51,704.5
44.51,705
44.51,705.5
44.51,706
44.51,706.5
44.51,707
44.51,707.5
44.51,708
44.51,708.5
44.51,709
44.51,709.5
44.544,710
44.713,710.5
44.882,711
45.052,711.5
45.222,712
45.392,712.5
45.461,713
45.461,713.5
45.461,714
45.461,714.5
45.461,715
45.461,715.5
45.461,716
45.461,716.5
45.461,717
45.461,717.5
45.461,718
45.461,718.5
45.461,719
45.461,719.5
45.461,720
45.461,720.5
45.461,721
45.461,721.5
45.461,722
45.571,722.5
45.755,723
45.939,723.5
46.111,724
46.283,724.5
46.457,725
46.643,725.5
46.83,726
47.008,726.5
47.182,727
47.356,727.5
47.53,728
47.704,728.5
47.879,729
47.879,729.5
47.879,730
47.879,730.5
47.879,731
47.879,731.5
47.879,732
47.879,732.5
47.879,733
47.879,733.5
47.879,734
47.879,734.5
47.879,735
47.879,735.5
47.879,736
47.879,736.5
47.879,737
47.879,737.5
47.879,738
47.879,738.5
47.879,739
47.879,739.5
47.879,740
47.879,740.5
47.879,741
47.879,741.5
47.879,742
47.879,742.5
47.879,743
47.879,743.5
47.917,744
48.106,744.5
48.295,745
48.371,745.5
48.371,746
48.371,746.5
48.511,747
48.688,747.5
48.865,748
48.865,748.5
48.865,749
48.865,749.5
48.865,750
48.865,750.5
48.865,751
48.865,751.5
48.865,752
48.865,752.5
48.865,753
48.865,753.5
48.865,754
48.865,754.5
48.865,755
48.865,755.5
48.865,756
48.865,756.5
48.865,757
48.865,757.5
48.865,758
48.865,758.5
48.865,759
48.865,759.5
48.865,760
48.865,760.5
48.865,761
48.865,761.5
48.865,762
48.865,762.5
48.903,763
49.093,763.5
49.285,764
49.468,764.5
49.646,765
49.824,765.5
49.859,766
49.859,766.5
49.859,767
49.859,767.5
49.859,768
49.859,768.5
49.859,769
49.859,769.5
49.859,770
49.859,770.5
49.859,771
49.859,771.5
49.859,772
50.013,772.5
50.787,773
51.566,773.5
51.771,774
51.589,774.5
51.408,775
51.227,775.5
51.046,776
50.865,776.5
50.671,777
50.477,777.5
50.361,778
50.361,778.5
50.361,779
50.361,779.5
50.361,780
50.361,780.5
50.181,781
50.002,781.5
49.821,782
49.629,782.5
49.438,783
49.254,783.5
49.077,784
48.9,784.5
48.865,785
48.865,785.5
48.865,786
48.865,786.5
48.865,787
48.865,787.5
48.865,788
48.865,788.5
48.75,789
48.56,789.5
48.371,790
48.195,790.5
48.019,791
47.879,791.5
47.879,792
47.879,792.5
47.879,793
47.879,793.5
47.879,794
47.739,794.5
47.565,795
47.391,795.5
47.203,796
47.016,796.5
46.835,797
46.662,797.5
46.489,798
46.309,798.5
46.124,799
45.939,799.5
45.768,800
45.597,800.5
45.461,801
45.461,801.5
45.461,802
45.461,802.5
45.461,803
45.461,803.5
45.461,804
45.461,804.5
45.461,805
45.461,805.5
45.461,806
45.461,806.5
45.461,807
45.461,807.5
45.461,808
45.461,808.5
45.461,809
45.461,809.5
45.461,810
45.461,810.5
45.461,811
45.461,811.5
45.461,812
45.461,812.5
45.461,813
45.461,813.5
45.461,814
45.461,814.5
45.461,815
45.461,815.5
45.461,816
45.461,816.5
45.461,817
45.35,817.5
45.167,818
44.984,818.5
44.477,819
43.972,819.5
43.604,820
43.771,820.5
43.938,821
43.894,821.5
43.534,822
43.176,822.5
43.37,823
43.704,823.5
44.039,824
43.858,824.5
43.678,825
43.504,825.5
43.337,826
43.171,826.5
42.997,827
42.818,827.5
42.64,828
42.475,828.5
42.31,829
42.146,829.5
41.982,830
41.819,830.5
41.65,831
41.475,831.5
41.299,832
41.134,832.5
40.972,833
40.81,833.5
40.463,834
40.118,834.5
39.911,835
39.911,835.5
39.911,836
39.911,836.5
39.911,837
39.911,837.5
39.911,838
39.911,838.5
39.911,839
39.911,839.5
39.911,840
39.842,840.5
39.67,841
39.499,841.5
39.465,842
39.465,842.5
39.465,843
39.465,843.5
39.465,844
39.401,844.5
39.242,845
39.084,845.5
38.926,846
38.768,846.5
38.611,847
38.579,847.5
38.579,848
38.548,848.5
38.391,849
38.234,849.5
38.208,850
38.377,850.5
38.546,851
38.705,851.5
38.863,852
39.021,852.5
39.191,853
39.362,853.5
39.465,854
39.465,854.5
39.465,855
39.465,855.5
39.465,856
39.465,856.5
39.465,857
39.465,857.5
39.465,858
39.465,858.5
39.465,859
39.465,859.5
39.465,860
39.465,860.5
39.465,861
39.465,861.5
39.465,862
39.465,862.5
39.465,863
39.528,863.5
39.687,864
39.847,864.5
40.007,865
40.167,865.5
40.327,866
40.221,866.5
40.049,867
39.879,867.5
39.719,868
39.56,868.5
39.465,869
39.465,869.5
39.465,870
39.465,870.5
39.465,871
39.465,871.5
39.465,872
39.465,872.5
39.465,873
39.465,873.5
39.465,874
39.369,874.5
39.211,875
39.052,875.5
38.885,876
38.715,876.5
38.579,877
38.579,877.5
38.579,878
38.512,878.5
38.343,879
38.174,879.5
38.141,880
38.141,880.5
38.141,881
38.141,881.5
38.141,882
38.141,882.5
38.141,883
38.141,883.5
38.141,884
38.141,884.5
38.141,885
38.006,885.5
37.839,886
37.674,886.5
37.519,887
37.364,887.5
37.271,888
37.271,888.5
37.271,889
37.271,889.5
37.271,890
37.271,890.5
37.105,891
36.939,891.5
36.779,892
36.625,892.5
36.472,893
36.32,893.5
36.168,894
36.016,894.5
35.855,895
35.692,895.5
35.562,896
35.562,896.5
35.562,897
35.562,897.5
35.562,898
35.562,898.5
35.562,899
35.562,899.5
35.562,900
35.399,900.5
35.238,901
35.081,901.5
34.931,902
34.781,902.5
34.633,903
34.484,903.5
34.336,904
34.306,904.5
34.306,905
34.306,905.5
34.306,906
34.306,906.5
34.306,907
34.306,907.5
34.306,908
34.306,908.5
34.306,909
34.306,909.5
34.306,910
34.306,910.5
34.306,911
34.306,911.5
34.306,912
34.306,912.5
34.306,913
34.306,913.5
34.306,914
34.306,914.5
34.306,915
34.306,915.5
34.306,916
34.306,916.5
34.306,917
34.306,917.5
34.306,918
34.306,918.5
34.306,919
34.306,919.5
34.306,920
34.306,920.5
34.306,921
34.306,921.5
34.395,922
34.543,922.5
34.692,923
34.85,923.5
35.011,924
35.171,924.5
35.321,925
35.471,925.5
35.562,926
35.562,926.5
35.562,927
35.562,927.5
35.562,928
35.562,928.5
35.713,929
35.864,929.5
36.018,930
36.182,930.5
36.346,931
36.503,931.5
36.656,932
36.809,932.5
36.972,933
37.138,933.5
37.271,934
37.271,934.5
37.271,935
37.271,935.5
37.271,936
37.271,936.5
37.271,937
37.271,937.5
37.271,938
37.271,938.5
37.271,939
37.271,939.5
37.271,940
37.271,940.5
37.271,941
37.271,941.5
37.271,942
37.271,942.5
37.271,943
37.271,943.5
37.271,944
37.271,944.5
37.271,945
37.271,945.5
37.271,946
37.271,946.5
37.271,947
37.271,947.5
37.271,948
37.271,948.5
37.271,949
37.271,949.5
37.271,950
37.179,950.5
37.024,951
36.871,951.5
36.708,952
36.543,952.5
36.381,953
36.228,953.5
36.077,954
35.92,954.5
35.757,955
35.594,955.5
35.441,956
35.291,956.5
35.141,957
34.991,957.5
34.841,958
34.69,958.5
34.53,959
34.37,959.5
34.217,960
34.069,960.5
33.922,961
33.766,961.5
33.607,962
33.481,962.5
33.481,963
33.481,963.5
33.481,964
33.481,964.5
33.481,965
33.387,965.5
33.229,966
33.073,966.5
32.927,967
32.783,967.5
32.636,968
32.48,968.5
32.325,969
32.177,969.5
32.034,970
31.891,970.5
31.494,971
31.037,971.5
30.674,972
30.674,972.5
30.674,973
30.674,973.5
30.674,974
30.674,974.5
30.584,975
30.433,975.5
30.283,976
30.144,976.5
30.005,977
29.865,977.5
29.716,978
29.568,978.5
29.426,979
29.289,979.5
29.153,980
29.008,980.5
28.861,981
28.744,981.5
28.744,982
28.744,982.5
28.744,983
28.744,983.5
28.744,984
28.744,984.5
28.744,985
28.744,985.5
28.744,986
28.744,986.5
28.744,987
28.744,987.5
28.744,988
28.744,988.5
28.744,989
28.744,989.5
28.744,990
28.744,990.5
28.744,991
28.744,991.5
28.744,992
28.744,992.5
28.744,993
28.744,993.5
28.744,994
28.744,994.5
28.744,995
28.744,995.5
28.744,996
28.744,996.5
28.744,997
28.744,997.5
28.663,998
28.528,998.5
28.393,999
28.25,999.5
28.105,1000
27.99,1000.5
27.99,1001
27.99,1001.5
27.99,1002
27.99,1002.5
27.99,1003
27.99,1003.5
27.99,1004
27.99,1004.5
27.99,1005
27.99,1005.5
27.99,1006
27.99,1006.5
27.99,1007
27.99,1007.5
27.99,1008
27.99,1008.5
27.99,1009
27.99,1009.5
27.963,1010
27.83,1010.5
27.696,1011
27.563,1011.5
27.431,1012
27.298,1012.5
27.245,1013
27.245,1013.5
27.245,1014
27.245,1014.5
27.245,1015
27.217,1015.5
27.075,1016
26.933,1016.5
26.798,1017
26.668,1017.5
26.537,1018
26.399,1018.5
26.259,1019
26.122,1019.5
25.993,1020
25.864,1020.5
25.735,1021
25.607,1021.5
25.479,1022
25.428,1022.5
25.428,1023
25.428,1023.5
25.428,1024
25.428,1024.5
25.401,1025
25.264,1025.5
25.127,1026
25.073,1026.5
25.073,1027
25.073,1027.5
25.073,1028
25.073,1028.5
25.073,1029
25.073,1029.5
25.073,1030
25.073,1030.5
25.073,1031
25.073,1031.5
25.073,1032
25.073,1032.5
25.073,1033
25.073,1033.5
25.073,1034
25.045,1034.5
24.909,1035
24.773,1035.5
24.719,1036
24.719,1036.5
24.719,1037
24.719,1037.5
24.719,1038
24.719,1038.5
24.719,1039
24.719,1039.5
24.719,1040
24.719,1040.5
24.719,1041
24.719,1041.5
24.719,1042
24.719,1042.5
24.719,1043
24.719,1043.5
24.746,1044
24.882,1044.5
25.018,1045
25.149,1045.5
25.276,1046
25.403,1046.5
25.428,1047
25.428,1047.5
25.428,1048
25.428,1048.5
25.428,1049
25.428,1049.5
25.428,1050
25.428,1050.5
25.428,1051
25.428,1051.5
25.428,1052
25.428,1052.5
25.428,1053
25.428,1053.5
25.428,1054
25.428,1054.5
25.428,1055
25.428,1055.5
25.428,1056
25.53,1056.5
25.658,1057
25.787,1057.5
25.787,1058
25.787,1058.5
25.735,1059
25.607,1059.5
25.479,1060
25.428,1060.5
25.428,1061
25.428,1061.5
25.428,1062
25.428,1062.5
25.401,1063
25.264,1063.5
25.127,1064
24.997,1064.5
24.87,1065
24.744,1065.5
24.719,1066
24.719,1066.5
24.719,1067
24.719,1067.5
24.719,1068
24.719,1068.5
24.719,1069
24.719,1069.5
24.719,1070
24.719,1070.5
24.719,1071
24.719,1071.5
24.719,1072
24.692,1072.5
24.557,1073
24.422,1073.5
24.293,1074
24.169,1074.5
24.045,1075
23.921,1075.5
23.797,1076
23.674,1076.5
23.674,1077
23.674,1077.5
23.674,1078
23.674,1078.5
23.674,1079
23.674,1079.5
23.674,1080
23.674,1080.5
23.674,1081
23.674,1081.5
23.648,1082
23.515,1082.5
23.383,1083
23.258,1083.5
23.136,1084
23.014,1084.5
22.99,1085
22.99,1085.5
22.99,1086
22.99,1086.5
22.99,1087
22.99,1087.5
22.99,1088
22.99,1088.5
22.99,1089
22.99,1089.5
22.99,1090
23.111,1090.5
23.233,1091
23.355,1091.5
23.478,1092
23.6,1092.5
23.674,1093
23.674,1093.5
23.674,1094
23.674,1094.5
23.674,1095
23.674,1095.5
23.674,1096
23.674,1096.5
23.773,1097
24.02,1097.5
24.268,1098
24.288,1098.5
24.153,1099
24.02,1099.5
23.896,1100
23.773,1100.5
23.674,1101
23.674,1101.5
23.674,1102
23.674,1102.5
23.674,1103
23.674,1103.5
23.674,1104
23.674,1104.5
23.674,1105
23.674,1105.5
23.674,1106
23.674,1106.5
23.674,1107
23.674,1107.5
23.674,1108
23.674,1108.5
23.674,1109
23.674,1109.5
23.674,1110
23.65,1110.5
23.527,1111
23.404,1111.5
23.278,1112
23.147,1112.5
23.016,1113
22.99,1113.5
22.99,1114
22.99,1114.5
22.99,1115
22.99,1115.5
22.99,1116
22.99,1116.5
22.99,1117
22.99,1117.5
22.99,1118
22.99,1118.5
22.869,1119
22.748,1119.5
22.651,1120
22.651,1120.5
22.651,1121
22.6,1121.5
22.47,1122
22.342,1122.5
22.316,1123
22.316,1123.5
22.316,1124
22.316,1124.5
22.316,1125
22.316,1125.5
22.316,1126
22.316,1126.5
22.316,1127
22.316,1127.5
22.316,1128
22.316,1128.5
22.316,1129
22.316,1129.5
22.316,1130
22.316,1130.5
22.316,1131
22.316,1131.5
22.316,1132
22.316,1132.5
22.316,1133
22.316,1133.5
22.316,1134
22.316,1134.5
22.22,1135
21.983,1135.5
21.746,1136
21.652,1136.5
21.652,1137
21.652,1137.5
21.534,1138
21.417,1138.5
21.323,1139
21.323,1139.5
21.323,1140
21.323,1140.5
21.323,1141
21.323,1141.5
21.323,1142
21.323,1142.5
21.323,1143
21.323,1143.5
21.323,1144
21.323,1144.5
21.323,1145
21.323,1145.5
21.323,1146
21.323,1146.5
21.323,1147
21.223,1147.5
21.098,1148
20.998,1148.5
20.998,1149
20.998,1149.5
20.948,1150
20.823,1150.5
20.699,1151
20.674,1151.5
20.674,1152
20.674,1152.5
20.674,1153
20.674,1153.5
20.674,1154
20.674,1154.5
20.674,1155
20.674,1155.5
20.674,1156
20.674,1156.5
20.575,1157
20.452,1157.5
20.331,1158
20.217,1158.5
20.103,1159
20.035,1159.5
20.035,1160
20.035,1160.5
20.035,1161
20.035,1161.5
20.035,1162
20.035,1162.5
20.035,1163
20.035,1163.5
20.035,1164
20.035,1164.5
20.103,1165
20.217,1165.5
20.331,1166
20.452,1166.5
20.575,1167
20.674,1167.5
20.674,1168
20.674,1168.5
20.674,1169
20.674,1169.5
20.674,1170
20.674,1170.5
20.674,1171
20.674,1171.5
20.674,1172
20.674,1172.5
20.628,1173
20.514,1173.5
20.399,1174
20.353,1174.5
20.353,1175
20.353,1175.5
20.353,1176
20.353,1176.5
20.376,1177
20.491,1177.5
20.605,1178
20.674,1178.5
20.674,1179
20.674,1179.5
20.674,1180
20.674,1180.5
20.674,1181
20.674,1181.5
20.674,1182
20.674,1182.5
20.674,1183
20.674,1183.5
20.674,1184
20.674,1184.5
20.674,1185
20.674,1185.5
20.674,1186
20.674,1186.5
20.674,1187
20.674,1187.5
20.674,1188
20.674,1188.5
20.674,1189
20.674,1189.5
20.674,1190
20.674,1190.5
20.551,1191
20.427,1191.5
20.308,1192
20.194,1192.5
20.08,1193
20.035,1193.5
20.035,1194
20.035,1194.5
20.035,1195
20.035,1195.5
20.035,1196
20.035,1196.5
20.035,1197
20.035,1197.5
20.035,1198
20.035,1198.5
20.035,1199
20.035,1199.5
20.035,1200
20.035,1200.5
20.035,1201
20.035,1201.5
20.035,1202
20.035,1202.5
20.035,1203
20.035,1203.5
20.035,1204
20.035,1204.5
20.035,1205
20.035,1205.5
20.035,1206
20.035,1206.5
20.035,1207
20.035,1207.5
20.035,1208
20.035,1208.5
20.035,1209
20.035,1209.5
20.035,1210
20.035,1210.5
20.035,1211
20.035,1211.5
20.035,1212
20.035,1212.5
20.035,1213
20.035,1213.5
20.035,1214
20.035,1214.5
20.126,1215
20.582,1215.5
21.044,1216
21.323,1216.5
21.323,1217
21.323,1217.5
21.323,1218
21.323,1218.5
21.323,1219
21.323,1219.5
21.323,1220
21.323,1220.5
21.323,1221
21.323,1221.5
21.323,1222
21.323,1222.5
21.323,1223
21.323,1223.5
21.323,1224
21.323,1224.5
21.323,1225
21.323,1225.5
21.323,1226
21.323,1226.5
21.323,1227
21.323,1227.5
21.323,1228
21.323,1228.5
21.323,1229
21.323,1229.5
21.323,1230
21.323,1230.5
21.323,1231
21.323,1231.5
21.323,1232
21.323,1232.5
21.323,1233
21.323,1233.5
21.323,1234
21.323,1234.5
21.323,1235
21.273,1235.5
21.148,1236
21.023,1236.5
20.905,1237
20.79,1237.5
20.674,1238
20.674,1238.5
20.674,1239
20.674,1239.5
20.674,1240
20.674,1240.5
20.605,1241
20.491,1241.5
20.376,1242
20.255,1242.5
20.133,1243
20.012,1243.5
19.899,1244
19.787,1244.5
19.671,1245
19.55,1245.5
19.43,1246
19.406,1246.5
19.406,1247
19.406,1247.5
19.406,1248
19.406,1248.5
19.382,1249
19.263,1249.5
19.143,1250
19.029,1250.5
18.919,1251
18.809,1251.5
18.787,1252
18.787,1252.5
18.765,1253
18.656,1253.5
18.547,1254
18.481,1254.5
18.481,1255
18.481,1255.5
18.481,1256
18.481,1256.5
18.481,1257
18.481,1257.5
18.481,1258
18.481,1258.5
18.481,1259
18.481,1259.5
18.416,1260
18.308,1260.5
18.2,1261
18.086,1261.5
17.97,1262
17.878,1262.5
17.878,1263
17.878,1263.5
17.878,1264
17.878,1264.5
17.878,1265
17.878,1265.5
17.878,1266
17.878,1266.5
17.878,1267
17.878,1267.5
17.878,1268
17.878,1268.5
17.878,1269
17.878,1269.5
17.878,1270
17.878,1270.5
17.878,1271
17.878,1271.5
17.878,1272
17.878,1272.5
17.878,1273
17.878,1273.5
17.878,1274
17.878,1274.5
17.808,1275
17.694,1275.5
17.579,1276
17.473,1276.5
17.368,1277
17.283,1277.5
17.283,1278
17.283,1278.5
17.283,1279
17.283,1279.5
17.283,1280
17.283,1280.5
17.283,1281
17.304,1281.5
17.41,1282
17.516,1282.5
17.622,1283
17.728,1283.5
17.835,1284
17.878,1284.5
17.878,1285
17.878,1285.5
17.878,1286
17.878,1286.5
17.878,1287
17.878,1287.5
17.878,1288
17.878,1288.5
17.878,1289
17.878,1289.5
17.878,1290
17.878,1290.5
17.878,1291
17.878,1291.5
17.878,1292
17.878,1292.5
17.878,1293
17.878,1293.5
17.878,1294
17.878,1294.5
17.878,1295
17.878,1295.5
17.878,1296
17.855,1296.5
17.74,1297
17.625,1297.5
17.516,1298
17.41,1298.5
17.304,1299
17.283,1299.5
17.283,1300
17.283,1300.5
17.283,1301
17.283,1301.5
17.283,1302
17.283,1302.5
17.283,1303
17.283,1303.5
17.283,1304
17.283,1304.5
17.283,1305
17.283,1305.5
17.283,1306
17.283,1306.5
17.283,1307
17.283,1307.5
17.283,1308
17.283,1308.5
17.193,1309
17.08,1309.5
16.97,1310
16.866,1310.5
16.762,1311
16.7,1311.5
16.7,1312
16.7,1312.5
16.7,1313
16.7,1313.5
16.7,1314
16.7,1314.5
16.7,1315
16.7,1315.5
16.7,1316
16.7,1316.5
16.7,1317
16.7,1317.5
16.7,1318
16.7,1318.5
16.7,1319
16.7,1319.5
16.7,1320
16.7,1320.5
16.658,1321
16.555,1321.5
16.453,1322
16.345,1322.5
16.235,1323
16.126,1323.5
16.126,1324
16.126,1324.5
16.104,1325
15.995,1325.5
15.886,1326
15.843,1326.5
15.843,1327
15.843,1327.5
15.843,1328
15.843,1328.5
15.843,1329
15.843,1329.5
15.843,1330
15.843,1330.5
15.843,1331
15.843,1331.5
15.843,1332
15.843,1332.5
15.843,1333
15.843,1333.5
15.843,1334
15.843,1334.5
15.843,1335
15.843,1335.5
15.843,1336
15.843,1336.5
15.843,1337
15.843,1337.5
15.843,1338
15.843,1338.5
15.843,1339
15.843,1339.5
15.803,1340
15.702,1340.5
15.602,1341
15.498,1341.5
15.391,1342
15.284,1342.5
15.284,1343
15.284,1343.5
15.263,1344
15.156,1344.5
15.05,1345
15.008,1345.5
15.008,1346
15.008,1346.5
14.93,1347
14.833,1347.5
14.735,1348
14.631,1348.5
14.527,1349
14.465,1349.5
14.465,1350
14.465,1350.5
14.403,1351
14.299,1351.5
14.196,1352
14.196,1352.5
14.196,1353
14.176,1353.5
14.074,1354
13.971,1354.5
13.874,1355
13.78,1355.5
13.687,1356
13.668,1356.5
13.668,1357
13.668,1357.5
13.668,1358
13.668,1358.5
13.668,1359
13.668,1359.5
13.668,1360
13.668,1360.5
13.668,1361
13.668,1361.5
13.575,1362
13.482,1362.5
13.387,1363
13.288,1363.5
13.189,1364
13.149,1364.5
13.149,1365
13.149,1365.5
13.076,1366
12.984,1366.5
12.893,1367
12.893,1367.5
12.893,1368
12.857,1368.5
12.767,1369
12.677,1369.5
12.583,1370
12.486,1370.5
12.39,1371
12.39,1371.5
12.39,1372
12.39,1372.5
12.39,1373
12.39,1373.5
12.39,1374
12.39,1374.5
12.39,1375
12.39,1375.5
12.39,1376
12.39,1376.5
12.39,1377
12.39,1377.5
12.39,1378
12.39,1378.5
12.39,1379
12.39,1379.5
12.39,1380
12.39,1380.5
12.39,1381
12.39,1381.5
12.39,1382
12.39,1382.5
12.39,1383
12.39,1383.5
12.39,1384
12.39,1384.5
12.39,1385
12.39,1385.5
12.39,1386
12.39,1386.5
12.39,1387
12.39,1387.5
12.39,1388
12.39,1388.5
12.39,1389
12.39,1389.5
12.39,1390
12.39,1390.5
12.39,1391
12.39,1391.5
12.39,1392
12.39,1392.5
12.39,1393
12.39,1393.5
12.39,1394
12.39,1394.5
12.39,1395
12.39,1395.5
12.294,1396
12.199,1396.5
12.107,1397
12.019,1397.5
11.931,1398
11.84,1398.5
11.747,1399
11.654,1399.5
11.654,1400
11.654,1400.5
11.654,1401
11.654,1401.5
11.654,1402
11.654,1402.5
11.654,1403
11.654,1403.5
11.654,1404
11.654,1404.5
11.654,1405
11.654,1405.5
11.654,1406
11.654,1406.5
11.654,1407
11.654,1407.5
11.654,1408
11.654,1408.5
11.654,1409
11.654,1409.5
11.654,1410
11.654,1410.5
11.654,1411
11.654,1411.5
11.654,1412
11.654,1412.5
11.654,1413
11.654,1413.5
11.654,1414
11.654,1414.5
11.654,1415
11.654,1415.5
11.654,1416
11.654,1416.5
11.654,1417
11.654,1417.5
11.654,1418
11.654,1418.5
11.654,1419
11.654,1419.5
11.654,1420
11.654,1420.5
11.654,1421
11.654,1421.5
11.654,1422
11.654,1422.5
11.654,1423
11.654,1423.5
11.654,1424
11.747,1424.5
11.84,1425
11.966,1425.5
12.142,1426
12.319,1426.5
12.39,1427
12.39,1427.5
12.39,1428
12.39,1428.5
12.39,1429
12.39,1429.5
12.39,1430
12.39,1430.5
12.39,1431
12.39,1431.5
12.39,1432
12.39,1432.5
12.39,1433
12.39,1433.5
12.486,1434
12.583,1434.5
12.605,1435
12.515,1435.5
12.426,1436
12.39,1436.5
12.39,1437
12.39,1437.5
12.39,1438
12.39,1438.5
12.39,1439
12.39,1439.5
12.39,1440
12.39,1440.5
12.39,1441
12.39,1441.5
12.39,1442
12.39,1442.5
12.39,1443
12.486,1443.5
12.583,1444
12.677,1444.5
12.767,1445
12.857,1445.5
12.893,1446
12.893,1446.5
12.893,1447
12.893,1447.5
12.893,1448
12.893,1448.5
12.893,1449
12.893,1449.5
12.893,1450
12.893,1450.5
12.893,1451
12.893,1451.5
12.893,1452
12.893,1452.5
12.893,1453
12.893,1453.5
12.893,1454
12.893,1454.5
12.893,1455
12.893,1455.5
12.893,1456
12.893,1456.5
12.893,1457
12.893,1457.5
12.893,1458
12.893,1458.5
12.893,1459
12.893,1459.5
12.893,1460
12.893,1460.5
12.893,1461
12.893,1461.5
12.893,1462
12.893,1462.5
12.893,1463
12.966,1463.5
13.149,1464
13.333,1464.5
13.407,1465
13.407,1465.5
13.407,1466
13.407,1466.5
13.407,1467
13.426,1467.5
13.519,1468
13.612,1468.5
13.749,1469
13.951,1469.5
14.155,1470
14.196,1470.5
14.196,1471
14.196,1471.5
14.196,1472
14.196,1472.5
14.196,1473
14.196,1473.5
14.196,1474
14.196,1474.5
14.196,1475
14.196,1475.5
14.196,1476
14.196,1476.5
14.196,1477
14.196,1477.5
14.196,1478
14.196,1478.5
14.196,1479
14.196,1479.5
14.196,1480
14.196,1480.5
14.196,1481
14.196,1481.5
14.196,1482
14.158,1482.5
14.063,1483
13.969,1483.5
13.874,1484
13.78,1484.5
13.687,1485
13.588,1485.5
13.487,1486
13.407,1486.5
13.407,1487
13.407,1487.5
13.407,1488
13.407,1488.5
13.407,1489
13.333,1489.5
13.241,1490
13.149,1490.5
13.149,1491
13.149,1491.5
13.112,1492
13.021,1492.5
12.93,1493
12.839,1493.5
12.749,1494
12.659,1494.5
12.563,1495
12.467,1495.5
12.39,1496
12.39,1496.5
12.39,1497
12.39,1497.5
12.39,1498
12.39,1498.5
12.39,1499
12.39,1499.5
12.39,1500
12.294,1500.5
12.199,1501
12.142,1501.5
12.142,1502
12.142,1502.5
12.142,1503
12.142,1503.5
12.142,1504
12.142,1504.5
12.142,1505
12.124,1505.5
12.036,1506
11.949,1506.5
11.859,1507
11.765,1507.5
11.672,1508
11.723,1508.5
11.809,1509
11.896,1509.5
11.984,1510
12.071,1510.5
12.104,1511
11.915,1511.5
11.728,1512
11.654,1512.5
11.654,1513
11.654,1513.5
11.728,1514
11.821,1514.5
11.879,1515
11.792,1515.5
11.705,1516
11.579,1516.5
11.395,1517
11.211,1517.5
11.175,1518
11.175,1518.5
11.175,1519
11.175,1519.5
11.175,1520
11.175,1520.5
11.175,1521
11.175,1521.5
11.175,1522
11.175,1522.5
11.175,1523
11.175,1523.5
11.175,1524
11.175,1524.5
11.175,1525
11.175,1525.5
11.138,1526
11.048,1526.5
10.957,1527
10.939,1527.5
10.939,1528
10.939,1528.5
10.939,1529
10.939,1529.5
10.939,1530
10.939,1530.5
10.939,1531
10.939,1531.5
10.939,1532
10.939,1532.5
10.867,1533
10.778,1533.5
10.69,1534
10.607,1534.5
10.525,1535
10.476,1535.5
10.476,1536
10.476,1536.5
10.542,1537
10.624,1537.5
10.707,1538
10.789,1538.5
10.873,1539
10.939,1539.5
10.939,1540
10.939,1540.5
10.939,1541
10.939,1541.5
10.939,1542
10.939,1542.5
10.939,1543
10.889,1543.5
10.64,1544
10.394,1544.5
10.248,1545
10.248,1545.5
10.248,1546
10.248,1546.5
10.248,1547
10.248,1547.5
10.248,1548
10.248,1548.5
10.248,1549
10.248,1549.5
10.248,1550
10.248,1550.5
10.248,1551
10.248,1551.5
10.248,1552
10.248,1552.5
10.248,1553
10.248,1553.5
10.248,1554
10.248,1554.5
10.248,1555
10.248,1555.5
10.248,1556
10.248,1556.5
10.248,1557
10.248,1557.5
10.248,1558
10.248,1558.5
10.248,1559
10.248,1559.5
10.248,1560
10.248,1560.5
10.248,1561
10.248,1561.5
10.248,1562
10.297,1562.5
10.541,1563
10.789,1563.5
10.939,1564
10.939,1564.5
10.939,1565
10.831,1565.5
10.653,1566
10.476,1566.5
10.394,1567
10.313,1567.5
10.265,1568
10.353,1568.5
10.441,1569
10.574,1569.5
10.739,1570
10.906,1570.5
10.939,1571
10.939,1571.5
10.939,1572
10.939,1572.5
10.939,1573
10.939,1573.5
10.939,1574
10.939,1574.5
10.939,1575
10.939,1575.5
10.939,1576
10.939,1576.5
10.939,1577
10.939,1577.5
10.939,1578
10.939,1578.5
10.939,1579
10.939,1579.5
10.939,1580
10.939,1580.5
10.939,1581
10.939,1581.5
10.939,1582
10.939,1582.5
10.939,1583
10.939,1583.5
10.939,1584
10.939,1584.5
10.939,1585
10.939,1585.5
10.939,1586
10.939,1586.5
10.939,1587
10.939,1587.5
10.939,1588
10.939,1588.5
10.939,1589
10.939,1589.5
10.939,1590
10.939,1590.5
10.939,1591
10.939,1591.5
10.939,1592
10.939,1592.5
10.939,1593
10.939,1593.5
10.939,1594
10.939,1594.5
10.939,1595
10.939,1595.5
10.939,1596
10.939,1596.5
10.939,1597
10.939,1597.5
11.09,1598
11.345,1598.5
11.602,1599
11.803,1599.5
11.991,1600
12.16,1600.5
12.248,1601
12.337,1601.5
12.354,1602
12.266,1602.5
12.177,1603
12.085,1603.5
11.99,1604
11.896,1604.5
11.809,1605
11.723,1605.5
11.654,1606
11.654,1606.5
11.654,1607
11.654,1607.5
11.654,1608
11.654,1608.5
11.654,1609
11.654,1609.5
11.654,1610
11.654,1610.5
11.654,1611
11.55,1611.5
11.294,1612
11.04,1612.5
10.939,1613
10.939,1613.5
10.939,1614
10.939,1614.5
10.939,1615
10.939,1615.5
10.939,1616
10.939,1616.5
10.939,1617
10.939,1617.5
10.939,1618
10.939,1618.5
10.939,1619
10.939,1619.5
10.939,1620
10.939,1620.5
10.939,1621
10.939,1621.5
10.939,1622
10.939,1622.5
10.939,1623
10.939,1623.5
10.856,1624
10.773,1624.5
10.707,1625
10.707,1625.5
10.707,1626
10.707,1626.5
10.707,1627
10.707,1627.5
10.707,1628
10.707,1628.5
10.707,1629
10.707,1629.5
10.707,1630
10.707,1630.5
10.707,1631
10.707,1631.5
10.707,1632
10.707,1632.5
10.707,1633
10.707,1633.5
10.707,1634
10.707,1634.5
10.707,1635
10.707,1635.5
10.657,1636
10.574,1636.5
10.492,1637
10.411,1637.5
10.329,1638
10.248,1638.5
10.161,1639
10.074,1639.5
10.022,1640
10.022,1640.5
10.022,1641
10.022,1641.5
10.022,1642
10.022,1642.5
10.022,1643
10.022,1643.5
10.022,1644
10.022,1644.5
10.022,1645
10.022,1645.5
10.022,1646
10.022,1646.5
10.022,1647
10.022,1647.5
10.022,1648
10.022,1648.5
10.022,1649
10.022,1649.5
10.022,1650
10.022,1650.5
10.022,1651
10.022,1651.5
10.022,1652
10.022,1652.5
10.022,1653
10.022,1653.5
10.022,1654
10.022,1654.5
10.022,1655
10.022,1655.5
10.022,1656
10.022,1656.5
10.022,1657
10.022,1657.5
10.022,1658
10.022,1658.5
10.022,1659
10.022,1659.5
10.022,1660
10.022,1660.5
10.022,1661
10.022,1661.5
10.022,1662
10.022,1662.5
10.022,1663
10.022,1663.5
10.022,1664
10.022,1664.5
10.022,1665
10.022,1665.5
10.022,1666
10.022,1666.5
10.022,1667
10.022,1667.5
10.022,1668
10.022,1668.5
10.022,1669
10.022,1669.5
10.022,1670
10.022,1670.5
10.022,1671
10.022,1671.5
10.022,1672
10.022,1672.5
10.022,1673
10.022,1673.5
10.022,1674
10.022,1674.5
10.022,1675
10.022,1675.5
10.022,1676
10.022,1676.5
10.022,1677
10.022,1677.5
10.022,1678
10.022,1678.5
10.022,1679
10.022,1679.5
10.022,1680
10.022,1680.5
10.022,1681
10.022,1681.5
10.022,1682
10.022,1682.5
10.022,1683
10.022,1683.5
10.022,1684
10.022,1684.5
10.022,1685
10.022,1685.5
10.022,1686
10.022,1686.5
10.022,1687
9.9904,1687.5
9.9107,1688
9.8313,1688.5
9.7485,1689
9.6636,1689.5
9.5791,1690
9.5791,1690.5
9.5791,1691
9.5791,1691.5
9.5791,1692
9.5791,1692.5
9.5791,1693
9.5791,1693.5
9.5791,1694
9.5791,1694.5
9.5791,1695
9.5791,1695.5
9.5791,1696
9.5791,1696.5
9.5791,1697
9.5791,1697.5
9.5791,1698
9.5791,1698.5
9.5791,1699
9.5791,1699.5
9.5791,1700
9.5791,1700.5
9.5791,1701
9.5791,1701.5
9.5791,1702
9.5791,1702.5
9.5791,1703
9.5791,1703.5
9.5791,1704
9.5791,1704.5
9.5791,1705
9.5791,1705.5
9.5791,1706
9.5791,1706.5
9.5791,1707
9.5791,1707.5
9.5791,1708
9.5791,1708.5
9.5791,1709
9.5791,1709.5
9.5791,1710
9.5791,1710.5
9.5791,1711
9.5791,1711.5
9.5791,1712
9.5791,1712.5
9.5791,1713
9.5791,1713.5
9.5791,1714
9.5791,1714.5
9.5791,1715
9.5791,1715.5
9.5791,1716
9.5791,1716.5
9.5791,1717
9.5791,1717.5
9.5791,1718
9.5791,1718.5
9.5791,1719
9.5791,1719.5
9.5791,1720
9.5791,1720.5
9.5791,1721
9.5791,1721.5
9.5791,1722
9.5791,1722.5
9.5791,1723
9.5791,1723.5
9.5791,1724
9.5791,1724.5
9.5791,1725
9.5791,1725.5
9.5791,1726
9.5791,1726.5
9.5791,1727
9.5791,1727.5
9.5791,1728
9.5791,1728.5
9.5791,1729
9.5791,1729.5
9.5791,1730
9.5791,1730.5
9.5791,1731
9.5791,1731.5
9.5791,1732
9.5791,1732.5
9.5791,1733
9.5791,1733.5
9.5791,1734
9.5791,1734.5
9.5791,1735
9.5791,1735.5
9.5791,1736
9.5791,1736.5
9.5791,1737
9.5791,1737.5
9.5791,1738
9.5791,1738.5
9.5791,1739
9.5791,1739.5
9.5791,1740
9.5791,1740.5
9.5791,1741
9.5791,1741.5
9.5791,1742
9.5791,1742.5
9.5791,1743
9.5791,1743.5
9.5791,1744
9.5791,1744.5
9.5791,1745
9.5791,1745.5
9.4854,1746
9.3301,1746.5
9.1762,1747
9.1456,1747.5
9.1456,1748
9.1456,1748.5
9.1456,1749
9.1456,1749.5
9.1456,1750
9.1456,1750.5
9.1456,1751
9.1456,1751.5
9.1456,1752
9.1456,1752.5
9.1456,1753
9.1456,1753.5
9.1456,1754
9.1456,1754.5
9.1456,1755
9.1456,1755.5
9.1456,1756
9.1456,1756.5
9.1456,1757
9.1456,1757.5
9.1456,1758
9.1456,1758.5
9.1456,1759
9.1456,1759.5
9.1456,1760
9.1456,1760.5
9.1456,1761
9.1456,1761.5
9.1456,1762
9.1456,1762.5
9.1456,1763
9.1456,1763.5
9.1456,1764
9.1456,1764.5
9.0998,1765
9.0237,1765.5
8.948,1766
8.8678,1766.5
8.7869,1767
8.7074,1767.5
8.6329,1768
8.5587,1768.5
8.5144,1769
8.5144,1769.5
8.5144,1770
8.5144,1770.5
8.5144,1771
8.5144,1771.5
