42679167	29433333	14463889	44150000	44150000	0	100
42679167	-29433333	14463889	44150000	-44150000	0	100
42679167	-42679167	14463889	44150000	-44150000	0	100
-42679167	29433333	14463889	-44150000	44150000	0	100
-42679167	-29433333	14463889	-44150000	-44150000	0	100
-29433333	42679167	14463889	-44150000	44150000	0	100
29433333	42679167	14463889	44150000	44150000	0	100
42679167	42679167	14463889	44150000	44150000	0	101
-42679167	42679167	14463889	-44150000	44150000	0	100
29433333	-42679167	14463889	44150000	-44150000	0	100
-29433333	-42679167	14463889	-44150000	-44150000	0	100
-42679167	-42679167	14463889	-44150000	-44150000	0	100
-42679167	-29433333	14463889	-42679167	-42679167	14463889	100
-42679167	29433333	14463889	-29433333	42679167	14463889	100
-29433333	-42679167	14463889	-42679167	-42679167	14463889	100
29433333	42679167	14463889	42679167	29433333	14463889	100
29433333	-42679167	14463889	42679167	-42679167	14463889	100
29433333	42679167	14463889	42679167	42679167	14463889	100
-29433333	42679167	14463889	-42679167	42679167	14463889	100
42679167	29433333	14463889	42679167	42679167	14463889	100
-42679167	29433333	14463889	-42679167	42679167	14463889	100
42679167	-29433333	14463889	29433333	-42679167	14463889	100
-29433333	-42679167	14463889	-42679167	-29433333	14463889	100
42679167	-29433333	14463889	42679167	-42679167	14463889	100
-41208333	14716667	28927778	-42679167	29433333	14463889	100
-41208333	-41208333	28927778	-42679167	-29433333	14463889	100
-41208333	-14716667	28927778	-42679167	-29433333	14463889	100
-14716667	-41208333	28927778	-42679167	-29433333	14463889	100
41208333	-14716667	28927778	29433333	-42679167	14463889	100
-41208333	-14716667	28927778	-29433333	-42679167	14463889	100
-41208333	14716667	28927778	-29433333	42679167	14463889	100
-14716667	41208333	28927778	-42679167	29433333	14463889	100
14716667	-41208333	28927778	42679167	-29433333	14463889	100
14716667	41208333	28927778	42679167	29433333	14463889	100
-41208333	41208333	28927778	-42679167	29433333	14463889	100
-41208333	-41208333	28927778	-29433333	-42679167	14463889	100
-14716667	-41208333	28927778	-29433333	-42679167	14463889	100
-14716667	41208333	28927778	-29433333	42679167	14463889	100
41208333	41208333	28927778	29433333	42679167	14463889	100
14716667	41208333	28927778	29433333	42679167	14463889	100
-41208333	41208333	28927778	-29433333	42679167	14463889	100
41208333	41208333	28927778	42679167	29433333	14463889	100
41208333	14716667	28927778	42679167	29433333	14463889	100
41208333	-14716667	28927778	42679167	-29433333	14463889	100
14716667	-41208333	28927778	29433333	-42679167	14463889	100
41208333	-41208333	28927778	29433333	-42679167	14463889	100
41208333	-41208333	28927778	42679167	-29433333	14463889	100
-41208333	-41208333	28927778	-42679167	-42679167	14463889	100
41208333	-41208333	28927778	42679167	-42679167	14463889	100
41208333	41208333	28927778	42679167	42679167	14463889	101
-41208333	41208333	28927778	-42679167	42679167	14463889	100
29433333	42679167	14463889	41208333	14716667	28927778	100
-41208333	14716667	28927778	-41208333	41208333	28927778	100
14716667	-41208333	28927778	41208333	-14716667	28927778	100
41208333	14716667	28927778	41208333	41208333	28927778	100
-41208333	-14716667	28927778	-41208333	-41208333	28927778	100
-14716667	41208333	28927778	-41208333	14716667	28927778	100
-14716667	41208333	28927778	-41208333	41208333	28927778	100
41208333	14716667	28927778	14716667	41208333	28927778	100
14716667	41208333	28927778	41208333	41208333	28927778	100
-14716667	-41208333	28927778	-41208333	-41208333	28927778	100
-41208333	-14716667	28927778	-14716667	-41208333	28927778	100
41208333	-14716667	28927778	41208333	-41208333	28927778	100
14716667	-41208333	28927778	41208333	-41208333	28927778	100
-21005063	18732437	43391667	-41208333	14716667	28927778	100
18732437	21005063	43391667	14716667	41208333	28927778	100
-18732437	-21005063	43391667	-14716667	-41208333	28927778	100
21005063	-18732437	43391667	41208333	-14716667	28927778	100
-39737500	0	43391667	-41208333	14716667	28927778	100
39737500	0	43391667	41208333	14716667	28927778	100
-39737500	0	43391667	-41208333	-14716667	28927778	100
39737500	0	43391667	41208333	-14716667	28927778	100
0	39737500	43391667	-14716667	41208333	28927778	100
0	39737500	43391667	14716667	41208333	28927778	100
0	-39737500	43391667	-14716667	-41208333	28927778	100
0	-39737500	43391667	14716667	-41208333	28927778	100
-39737500	-39737500	43391667	-41208333	-41208333	28927778	100
39737500	-39737500	43391667	41208333	-41208333	28927778	100
39737500	39737500	43391667	41208333	41208333	28927778	101
-39737500	39737500	43391667	-41208333	41208333	28927778	100
-14716667	41208333	28927778	-21005063	18732437	43391667	100
-41208333	41208333	28927778	-39737500	26491667	43391667	100
14716667	-41208333	28927778	21005063	-18732437	43391667	100
-41208333	14716667	28927778	-39737500	26491667	43391667	100
-41208333	-41208333	28927778	-39737500	-26491667	43391667	100
-41208333	-14716667	28927778	-39737500	-26491667	43391667	100
41208333	14716667	28927778	18732437	21005063	43391667	100
-14716667	-41208333	28927778	-26491667	-39737500	43391667	100
14716667	-41208333	28927778	26491667	-39737500	43391667	100
-41208333	-41208333	28927778	-26491667	-39737500	43391667	100
14716667	41208333	28927778	26491667	39737500	43391667	100
41208333	41208333	28927778	26491667	39737500	43391667	100
-14716667	41208333	28927778	-26491667	39737500	43391667	100
-41208333	41208333	28927778	-26491667	39737500	43391667	100
41208333	14716667	28927778	39737500	26491667	43391667	100
41208333	41208333	28927778	39737500	26491667	43391667	100
41208333	-41208333	28927778	39737500	-26491667	43391667	100
41208333	-41208333	28927778	26491667	-39737500	43391667	100
-41208333	-14716667	28927778	-18732437	-21005063	43391667	100
41208333	-14716667	28927778	39737500	-26491667	43391667	100
-21005063	18732437	43391667	0	39737500	43391667	100
-39737500	26491667	43391667	-26491667	39737500	43391667	100
-39737500	0	43391667	-21005063	18732437	43391667	100
-26491667	39737500	43391667	-21005063	18732437	43391667	100
-39737500	0	43391667	-39737500	26491667	43391667	100
-39737500	26491667	43391667	-21005063	18732437	43391667	100
-39737500	0	43391667	-39737500	-26491667	43391667	100
-26491667	-39737500	43391667	-39737500	26491667	43391667	100
39737500	-26491667	43391667	-26491667	-39737500	43391667	100
-39737500	26491667	43391667	26491667	39737500	43391667	100
-18732437	-21005063	43391667	-21005063	18732437	43391667	100
-21005063	18732437	43391667	18732437	21005063	43391667	100
18732437	21005063	43391667	21005063	-18732437	43391667	100
21005063	-18732437	43391667	-18732437	-21005063	43391667	100
21005063	-18732437	43391667	0	-39737500	43391667	100
0	39737500	43391667	18732437	21005063	43391667	100
18732437	21005063	43391667	39737500	0	43391667	100
0	-39737500	43391667	26491667	-39737500	43391667	100
0	-39737500	43391667	-26491667	-39737500	43391667	100
26491667	39737500	43391667	39737500	26491667	43391667	100
0	39737500	43391667	26491667	39737500	43391667	100
0	39737500	43391667	-26491667	39737500	43391667	100
26491667	39737500	43391667	18732437	21005063	43391667	100
39737500	26491667	43391667	18732437	21005063	43391667	100
39737500	0	43391667	39737500	-26491667	43391667	100
39737500	0	43391667	39737500	26491667	43391667	100
39737500	-26491667	43391667	26491667	-39737500	43391667	100
39737500	0	43391667	21005063	-18732437	43391667	100
39737500	-26491667	43391667	21005063	-18732437	43391667	100
26491667	-39737500	43391667	21005063	-18732437	43391667	100
-39737500	-26491667	43391667	-18732437	-21005063	43391667	100
-26491667	-39737500	43391667	-39737500	-26491667	43391667	100
-26491667	-39737500	43391667	-18732437	-21005063	43391667	100
0	-39737500	43391667	-18732437	-21005063	43391667	100
-18732437	-21005063	43391667	-39737500	0	43391667	100
-39737500	-26491667	43391667	-39737500	-39737500	43391667	100
39737500	26491667	43391667	39737500	39737500	43391667	100
-39737500	26491667	43391667	-39737500	39737500	43391667	100
-26491667	39737500	43391667	-39737500	39737500	43391667	100
26491667	39737500	43391667	39737500	39737500	43391667	100
26491667	-39737500	43391667	39737500	-39737500	43391667	100
39737500	-26491667	43391667	39737500	-39737500	43391667	100
-26491667	-39737500	43391667	-39737500	-39737500	43391667	100
-38609861	26491667	54480648	-39737500	39737500	43391667	200
-38609861	-26491667	54480648	-39737500	-39737500	43391667	200
38609861	26491667	54480648	39737500	39737500	43391667	200
38609861	-26491667	54480648	39737500	-39737500	43391667	200
-26491667	38609861	54480648	-39737500	39737500	43391667	200
-38609861	38609861	54480648	-39737500	39737500	43391667	200
38609861	38609861	54480648	39737500	39737500	43391667	101
26491667	38609861	54480648	39737500	39737500	43391667	200
-38609861	-38609861	54480648	-39737500	-39737500	43391667	200
38609861	-38609861	54480648	39737500	-39737500	43391667	200
-26491667	-38609861	54480648	-39737500	-39737500	43391667	200
26491667	-38609861	54480648	39737500	-39737500	43391667	200
-38609861	-38609861	54480648	-38609861	-26491667	54480648	200
-38609861	26491667	54480648	-26491667	38609861	54480648	200
26491667	38609861	54480648	38609861	26491667	54480648	200
-38609861	-38609861	54480648	-26491667	-38609861	54480648	200
38609861	38609861	54480648	26491667	38609861	54480648	200
-38609861	38609861	54480648	-26491667	38609861	54480648	200
38609861	38609861	54480648	38609861	26491667	54480648	200
-38609861	38609861	54480648	-38609861	26491667	54480648	200
38609861	-26491667	54480648	26491667	-38609861	54480648	200
38609861	-38609861	54480648	26491667	-38609861	54480648	200
38609861	-38609861	54480648	38609861	-26491667	54480648	200
-26491667	-38609861	54480648	-38609861	-26491667	54480648	200
-37482222	13245833	65569630	-38609861	26491667	54480648	200
-37482222	-13245833	65569630	-38609861	-26491667	54480648	200
-13245833	37482222	65569630	-26491667	38609861	54480648	200
-13245833	-37482222	65569630	-26491667	-38609861	54480648	200
-37482222	-37482222	65569630	-38609861	-38609861	54480648	200
37482222	37482222	65569630	38609861	38609861	54480648	101
13245833	37482222	65569630	26491667	38609861	54480648	200
-37482222	37482222	65569630	-38609861	38609861	54480648	200
37482222	-13245833	65569630	38609861	-26491667	54480648	200
37482222	13245833	65569630	38609861	26491667	54480648	200
37482222	-37482222	65569630	38609861	-38609861	54480648	200
13245833	-37482222	65569630	26491667	-38609861	54480648	200
38609861	26491667	54480648	37482222	37482222	65569630	200
38609861	-26491667	54480648	37482222	-37482222	65569630	200
-38609861	26491667	54480648	-37482222	37482222	65569630	200
-38609861	-26491667	54480648	-37482222	-37482222	65569630	200
-26491667	38609861	54480648	-37482222	37482222	65569630	200
26491667	38609861	54480648	37482222	37482222	65569630	200
26491667	-38609861	54480648	37482222	-37482222	65569630	200
-26491667	-38609861	54480648	-37482222	-37482222	65569630	200
37482222	37482222	65569630	37482222	13245833	65569630	200
37482222	-13245833	65569630	13245833	-37482222	65569630	200
-13245833	-37482222	65569630	-37482222	-13245833	65569630	200
37482222	-37482222	65569630	37482222	-13245833	65569630	200
-37482222	37482222	65569630	-37482222	13245833	65569630	200
-37482222	13245833	65569630	-13245833	37482222	65569630	200
-37482222	-37482222	65569630	-37482222	-13245833	65569630	200
-37482222	37482222	65569630	-13245833	37482222	65569630	200
37482222	37482222	65569630	13245833	37482222	65569630	200
13245833	37482222	65569630	37482222	13245833	65569630	200
37482222	-37482222	65569630	13245833	-37482222	65569630	200
-37482222	-37482222	65569630	-13245833	-37482222	65569630	200
-36354583	36354583	76658611	-37482222	37482222	65569630	200
36354583	36354583	76658611	37482222	37482222	65569630	101
36354583	-36354583	76658611	37482222	-37482222	65569630	200
-36354583	-36354583	76658611	-37482222	-37482222	65569630	200
-36354583	0	76658611	-37482222	13245833	65569630	200
19216868	-17137715	76658611	37482222	-13245833	65569630	200
36354583	0	76658611	37482222	13245833	65569630	200
-36354583	0	76658611	-37482222	-13245833	65569630	200
-19216868	17137715	76658611	-37482222	13245833	65569630	200
17137715	19216868	76658611	13245833	37482222	65569630	200
0	36354583	76658611	-13245833	37482222	65569630	200
0	36354583	76658611	13245833	37482222	65569630	200
0	-36354583	76658611	-13245833	-37482222	65569630	200
36354583	0	76658611	37482222	-13245833	65569630	200
-17137715	-19216868	76658611	-13245833	-37482222	65569630	200
0	-36354583	76658611	13245833	-37482222	65569630	200
-37482222	13245833	65569630	-36354583	24236389	76658611	200
37482222	13245833	65569630	36354583	24236389	76658611	200
37482222	-37482222	65569630	36354583	-24236389	76658611	200
37482222	37482222	65569630	36354583	24236389	76658611	200
-37482222	37482222	65569630	-36354583	24236389	76658611	200
-37482222	-37482222	65569630	-36354583	-24236389	76658611	200
-37482222	-13245833	65569630	-36354583	-24236389	76658611	200
37482222	37482222	65569630	24236389	36354583	76658611	200
13245833	37482222	65569630	24236389	36354583	76658611	200
-37482222	37482222	65569630	-24236389	36354583	76658611	200
-13245833	37482222	65569630	-24236389	36354583	76658611	200
-13245833	-37482222	65569630	-24236389	-36354583	76658611	200
37482222	-13245833	65569630	36354583	-24236389	76658611	200
13245833	-37482222	65569630	24236389	-36354583	76658611	200
-37482222	-37482222	65569630	-24236389	-36354583	76658611	200
37482222	-37482222	65569630	24236389	-36354583	76658611	200
13245833	-37482222	65569630	19216868	-17137715	76658611	200
-13245833	37482222	65569630	-19216868	17137715	76658611	200
37482222	13245833	65569630	17137715	19216868	76658611	200
-37482222	-13245833	65569630	-17137715	-19216868	76658611	200
36354583	-24236389	76658611	19216868	-17137715	76658611	200
24236389	-36354583	76658611	36354583	-24236389	76658611	200
24236389	-36354583	76658611	19216868	-17137715	76658611	200
0	-36354583	76658611	19216868	-17137715	76658611	200
-24236389	36354583	76658611	-19216868	17137715	76658611	200
-36354583	24236389	76658611	-19216868	17137715	76658611	200
0	-36354583	76658611	0	36354583	76658611	100
-24236389	36354583	76658611	-36354583	24236389	76658611	200
0	36354583	76658611	-19216868	17137715	76658611	200
36354583	24236389	76658611	24236389	36354583	76658611	200
36354583	0	76658611	17137715	19216868	76658611	200
36354583	24236389	76658611	17137715	19216868	76658611	200
24236389	36354583	76658611	17137715	19216868	76658611	200
-24236389	-36354583	76658611	-17137715	-19216868	76658611	200
-36354583	-24236389	76658611	-24236389	-36354583	76658611	200
-36354583	-24236389	76658611	-17137715	-19216868	76658611	200
-36354583	0	76658611	-17137715	-19216868	76658611	200
36354583	0	76658611	19216868	-17137715	76658611	200
36354583	0	76658611	36354583	24236389	76658611	200
36354583	0	76658611	36354583	-24236389	76658611	200
36354583	-24236389	76658611	36354583	-36354583	76658611	200
36354583	24236389	76658611	36354583	36354583	76658611	200
-36354583	0	76658611	-19216868	17137715	76658611	200
-36354583	0	76658611	-36354583	-24236389	76658611	200
-36354583	0	76658611	-36354583	24236389	76658611	200
-36354583	24236389	76658611	-36354583	36354583	76658611	200
-36354583	-24236389	76658611	-36354583	-36354583	76658611	200
0	36354583	76658611	17137715	19216868	76658611	200
0	36354583	76658611	-24236389	36354583	76658611	200
0	36354583	76658611	24236389	36354583	76658611	200
24236389	36354583	76658611	36354583	36354583	76658611	200
-24236389	36354583	76658611	-36354583	36354583	76658611	200
0	-36354583	76658611	-17137715	-19216868	76658611	200
0	-36354583	76658611	24236389	-36354583	76658611	200
0	-36354583	76658611	-24236389	-36354583	76658611	200
-24236389	-36354583	76658611	-36354583	-36354583	76658611	200
24236389	-36354583	76658611	36354583	-36354583	76658611	200
36354583	0	76658611	-36354583	0	76658611	100
0	36354583	76658611	36354583	0	76658611	100
11211181	-35447569	85578009	19216868	-17137715	76658611	200
-11211181	35447569	85578009	-19216868	17137715	76658611	200
35447569	11211181	85578009	17137715	19216868	76658611	200
-35447569	-11211181	85578009	-17137715	-19216868	76658611	200
-35447569	-35447569	85578009	-36354583	-24236389	76658611	200
-35447569	-11211181	85578009	-36354583	-24236389	76658611	200
-35447569	35447569	85578009	-36354583	24236389	76658611	200
35447569	11211181	85578009	36354583	24236389	76658611	200
-35447569	11211181	85578009	-36354583	24236389	76658611	200
35447569	35447569	85578009	36354583	24236389	76658611	200
-11211181	35447569	85578009	-24236389	36354583	76658611	200
-11211181	-35447569	85578009	-24236389	-36354583	76658611	200
-35447569	35447569	85578009	-24236389	36354583	76658611	200
11211181	35447569	85578009	24236389	36354583	76658611	200
35447569	35447569	85578009	24236389	36354583	76658611	200
35447569	-11211181	85578009	36354583	-24236389	76658611	200
35447569	-35447569	85578009	36354583	-24236389	76658611	200
11211181	-35447569	85578009	24236389	-36354583	76658611	200
-35447569	-35447569	85578009	-24236389	-36354583	76658611	200
35447569	-35447569	85578009	24236389	-36354583	76658611	200
-35447569	-11211181	85578009	-36354583	0	76658611	200
35447569	11211181	85578009	36354583	0	76658611	200
-35447569	11211181	85578009	-36354583	0	76658611	200
-35447569	35447569	85578009	-36354583	36354583	76658611	200
-11211181	35447569	85578009	0	36354583	76658611	200
35447569	35447569	85578009	36354583	36354583	76658611	101
11211181	35447569	85578009	0	36354583	76658611	200
-35447569	-35447569	85578009	-36354583	-36354583	76658611	200
11211181	-35447569	85578009	0	-36354583	76658611	200
35447569	-11211181	85578009	36354583	0	76658611	200
-11211181	-35447569	85578009	0	-36354583	76658611	200
35447569	-35447569	85578009	36354583	-36354583	76658611	200
-19216868	17137715	76658611	-35447569	11211181	85578009	200
19216868	-17137715	76658611	35447569	-11211181	85578009	200
17137715	19216868	76658611	11211181	35447569	85578009	200
-17137715	-19216868	76658611	-11211181	-35447569	85578009	200
11211181	-35447569	85578009	35447569	-11211181	85578009	200
-35447569	-11211181	85578009	-11211181	-35447569	85578009	200
-35447569	-35447569	85578009	-35447569	-11211181	85578009	200
35447569	-35447569	85578009	35447569	-11211181	85578009	200
-35447569	35447569	85578009	-35447569	11211181	85578009	200
-11211181	35447569	85578009	-35447569	11211181	85578009	200
35447569	-35447569	85578009	11211181	-35447569	85578009	200
-35447569	35447569	85578009	-11211181	35447569	85578009	200
35447569	35447569	85578009	11211181	35447569	85578009	200
35447569	35447569	85578009	35447569	11211181	85578009	200
-35447569	-35447569	85578009	-11211181	-35447569	85578009	200
35447569	11211181	85578009	11211181	35447569	85578009	200
34540556	22422361	94497407	35447569	11211181	85578009	200
34540556	-22422361	94497407	35447569	-11211181	85578009	200
34540556	22422361	94497407	35447569	35447569	85578009	200
34540556	-22422361	94497407	35447569	-35447569	85578009	200
-34540556	22422361	94497407	-35447569	11211181	85578009	200
-34540556	22422361	94497407	-35447569	35447569	85578009	200
-34540556	-22422361	94497407	-35447569	-35447569	85578009	200
-34540556	-22422361	94497407	-35447569	-11211181	85578009	200
-22422361	34540556	94497407	-35447569	35447569	85578009	200
-22422361	34540556	94497407	-11211181	35447569	85578009	200
-34540556	34540556	94497407	-35447569	35447569	85578009	200
22422361	34540556	94497407	35447569	35447569	85578009	200
22422361	34540556	94497407	11211181	35447569	85578009	200
34540556	34540556	94497407	35447569	35447569	85578009	101
22422361	-34540556	94497407	11211181	-35447569	85578009	200
-22422361	-34540556	94497407	-11211181	-35447569	85578009	200
34540556	-34540556	94497407	35447569	-35447569	85578009	200
22422361	-34540556	94497407	35447569	-35447569	85578009	200
-34540556	-34540556	94497407	-35447569	-35447569	85578009	200
-22422361	-34540556	94497407	-35447569	-35447569	85578009	200
-34540556	-34540556	94497407	-34540556	-22422361	94497407	200
-22422361	34540556	94497407	-34540556	22422361	94497407	200
22422361	-34540556	94497407	34540556	-22422361	94497407	200
34540556	34540556	94497407	34540556	22422361	94497407	200
-34540556	34540556	94497407	-34540556	22422361	94497407	200
-34540556	34540556	94497407	-22422361	34540556	94497407	200
-34540556	-34540556	94497407	-22422361	-34540556	94497407	200
34540556	22422361	94497407	22422361	34540556	94497407	200
34540556	34540556	94497407	22422361	34540556	94497407	200
-34540556	-22422361	94497407	-22422361	-34540556	94497407	200
34540556	-34540556	94497407	22422361	-34540556	94497407	200
34540556	-34540556	94497407	34540556	-22422361	94497407	200
-33633542	-33633542	103416806	-34540556	-22422361	94497407	200
-33633542	33633542	103416806	-34540556	22422361	94497407	200
33633542	33633542	103416806	34540556	22422361	94497407	200
-33633542	33633542	103416806	-34540556	34540556	94497407	200
33633542	33633542	103416806	34540556	34540556	94497407	101
-33633542	33633542	103416806	-22422361	34540556	94497407	200
33633542	33633542	103416806	22422361	34540556	94497407	200
33633542	-33633542	103416806	34540556	-22422361	94497407	200
-33633542	-33633542	103416806	-22422361	-34540556	94497407	200
-33633542	-33633542	103416806	-34540556	-34540556	94497407	200
33633542	-33633542	103416806	34540556	-34540556	94497407	200
33633542	-33633542	103416806	22422361	-34540556	94497407	200
-32726528	-22422361	112336204	-33633542	-33633542	103416806	300
32726528	22422361	112336204	33633542	33633542	103416806	300
-32726528	22422361	112336204	-33633542	33633542	103416806	300
32726528	-22422361	112336204	33633542	-33633542	103416806	300
-32726528	32726528	112336204	-33633542	33633542	103416806	300
-22422361	32726528	112336204	-33633542	33633542	103416806	300
32726528	32726528	112336204	33633542	33633542	103416806	101
22422361	32726528	112336204	33633542	33633542	103416806	300
32726528	-32726528	112336204	33633542	-33633542	103416806	300
22422361	-32726528	112336204	33633542	-33633542	103416806	300
-32726528	-32726528	112336204	-33633542	-33633542	103416806	300
-22422361	-32726528	112336204	-33633542	-33633542	103416806	300
-22422361	32726528	112336204	-32726528	22422361	112336204	300
-32726528	-32726528	112336204	-32726528	-22422361	112336204	300
-32726528	32726528	112336204	-32726528	22422361	112336204	300
32726528	22422361	112336204	22422361	32726528	112336204	300
-32726528	-32726528	112336204	-22422361	-32726528	112336204	300
-32726528	32726528	112336204	-22422361	32726528	112336204	300
32726528	32726528	112336204	22422361	32726528	112336204	300
32726528	32726528	112336204	32726528	22422361	112336204	300
22422361	-32726528	112336204	32726528	-22422361	112336204	300
32726528	-32726528	112336204	22422361	-32726528	112336204	300
-32726528	-22422361	112336204	-22422361	-32726528	112336204	300
32726528	-32726528	112336204	32726528	-22422361	112336204	300
-31819514	11211181	121255602	-32726528	22422361	112336204	300
-31819514	-11211181	121255602	-32726528	-22422361	112336204	300
-11211181	-31819514	121255602	-22422361	-32726528	112336204	300
11211181	31819514	121255602	22422361	32726528	112336204	300
-11211181	31819514	121255602	-22422361	32726528	112336204	300
11211181	-31819514	121255602	22422361	-32726528	112336204	300
31819514	11211181	121255602	32726528	22422361	112336204	300
31819514	-11211181	121255602	32726528	-22422361	112336204	300
32726528	-22422361	112336204	31819514	-31819514	121255602	300
22422361	-32726528	112336204	31819514	-31819514	121255602	300
32726528	-32726528	112336204	31819514	-31819514	121255602	300
32726528	22422361	112336204	31819514	31819514	121255602	300
-32726528	-22422361	112336204	-31819514	-31819514	121255602	300
-32726528	22422361	112336204	-31819514	31819514	121255602	300
32726528	32726528	112336204	31819514	31819514	121255602	101
22422361	32726528	112336204	31819514	31819514	121255602	300
-22422361	32726528	112336204	-31819514	31819514	121255602	300
-32726528	-32726528	112336204	-31819514	-31819514	121255602	300
-32726528	32726528	112336204	-31819514	31819514	121255602	300
-22422361	-32726528	112336204	-31819514	-31819514	121255602	300
31819514	-11211181	121255602	31819514	-31819514	121255602	300
31819514	11211181	121255602	31819514	31819514	121255602	300
11211181	-31819514	121255602	31819514	-31819514	121255602	300
-31819514	11211181	121255602	-31819514	31819514	121255602	300
-31819514	-11211181	121255602	-31819514	-31819514	121255602	300
-11211181	31819514	121255602	-31819514	31819514	121255602	300
11211181	31819514	121255602	31819514	31819514	121255602	300
-11211181	-31819514	121255602	-31819514	-31819514	121255602	300
11211181	-31819514	121255602	31819514	-11211181	121255602	300
-11211181	31819514	121255602	-31819514	11211181	121255602	300
31819514	11211181	121255602	11211181	31819514	121255602	300
-31819514	-11211181	121255602	-11211181	-31819514	121255602	300
-30912500	30912500	130175000	-31819514	31819514	121255602	300
30912500	30912500	130175000	31819514	31819514	121255602	101
-30912500	-30912500	130175000	-31819514	-31819514	121255602	300
30912500	-30912500	130175000	31819514	-31819514	121255602	300
16340208	-14572292	130175000	31819514	-11211181	121255602	300
-30912500	20608333	130175000	-31819514	11211181	121255602	300
30912500	0	130175000	31819514	-11211181	121255602	300
30912500	20608333	130175000	31819514	11211181	121255602	300
30912500	0	130175000	31819514	11211181	121255602	300
-30912500	0	130175000	-31819514	11211181	121255602	300
-16340208	14572292	130175000	-31819514	11211181	121255602	300
-30912500	-20608333	130175000	-31819514	-11211181	121255602	300
-30912500	0	130175000	-31819514	-11211181	121255602	300
0	30912500	130175000	-11211181	31819514	121255602	300
14572292	16340208	130175000	11211181	31819514	121255602	300
20608333	30912500	130175000	11211181	31819514	121255602	300
0	30912500	130175000	11211181	31819514	121255602	300
-20608333	30912500	130175000	-11211181	31819514	121255602	300
-20608333	-30912500	130175000	-11211181	-31819514	121255602	300
-14572292	-16340208	130175000	-11211181	-31819514	121255602	300
30912500	-20608333	130175000	31819514	-11211181	121255602	300
0	-30912500	130175000	-11211181	-31819514	121255602	300
20608333	-30912500	130175000	11211181	-31819514	121255602	300
0	-30912500	130175000	11211181	-31819514	121255602	300
11211181	-31819514	121255602	16340208	-14572292	130175000	300
-31819514	31819514	121255602	-30912500	20608333	130175000	300
31819514	31819514	121255602	30912500	20608333	130175000	300
-11211181	31819514	121255602	-16340208	14572292	130175000	300
-31819514	-31819514	121255602	-30912500	-20608333	130175000	300
-31819514	-31819514	121255602	-20608333	-30912500	130175000	300
31819514	11211181	121255602	14572292	16340208	130175000	300
31819514	31819514	121255602	20608333	30912500	130175000	300
-31819514	31819514	121255602	-20608333	30912500	130175000	300
31819514	-31819514	121255602	30912500	-20608333	130175000	300
-31819514	-11211181	121255602	-14572292	-16340208	130175000	300
31819514	-31819514	121255602	20608333	-30912500	130175000	300
30912500	-20608333	130175000	16340208	-14572292	130175000	300
20608333	-30912500	130175000	16340208	-14572292	130175000	300
-30912500	0	130175000	-30912500	20608333	130175000	300
30912500	0	130175000	30912500	-20608333	130175000	300
30912500	0	130175000	30912500	20608333	130175000	300
30912500	0	130175000	16340208	-14572292	130175000	300
16340208	-14572292	130175000	0	-30912500	130175000	300
20608333	-30912500	130175000	30912500	-20608333	130175000	300
-20608333	30912500	130175000	-16340208	14572292	130175000	300
0	-30912500	130175000	0	30912500	130175000	100
-30912500	0	130175000	-30912500	-20608333	130175000	300
-16340208	14572292	130175000	0	30912500	130175000	300
-30912500	20608333	130175000	-16340208	14572292	130175000	300
-20608333	30912500	130175000	-30912500	20608333	130175000	300
-30912500	0	130175000	-16340208	14572292	130175000	300
14572292	16340208	130175000	30912500	0	130175000	300
20608333	30912500	130175000	14572292	16340208	130175000	300
30912500	20608333	130175000	20608333	30912500	130175000	300
0	30912500	130175000	14572292	16340208	130175000	300
30912500	20608333	130175000	14572292	16340208	130175000	300
0	30912500	130175000	20608333	30912500	130175000	300
0	30912500	130175000	-20608333	30912500	130175000	300
-20608333	-30912500	130175000	-14572292	-16340208	130175000	300
-30912500	-20608333	130175000	-14572292	-16340208	130175000	300
0	-30912500	130175000	-14572292	-16340208	130175000	300
-14572292	-16340208	130175000	-30912500	0	130175000	300
0	-30912500	130175000	-20608333	-30912500	130175000	300
0	-30912500	130175000	20608333	-30912500	130175000	300
-30912500	-20608333	130175000	-20608333	-30912500	130175000	300
-30912500	-20608333	130175000	-30912500	-30912500	130175000	300
30912500	20608333	130175000	30912500	30912500	130175000	300
-30912500	20608333	130175000	-30912500	30912500	130175000	300
30912500	0	130175000	-30912500	0	130175000	100
-20608333	30912500	130175000	-30912500	30912500	130175000	300
20608333	30912500	130175000	30912500	30912500	130175000	300
30912500	-20608333	130175000	30912500	-30912500	130175000	300
-20608333	-30912500	130175000	-30912500	-30912500	130175000	300
20608333	-30912500	130175000	30912500	-30912500	130175000	300
9568750	-30177083	137406944	16340208	-14572292	130175000	300
-30177083	30177083	137406944	-30912500	20608333	130175000	300
-30177083	9568750	137406944	-30912500	20608333	130175000	300
30177083	9568750	137406944	30912500	20608333	130175000	300
30177083	30177083	137406944	30912500	20608333	130175000	300
-9568750	30177083	137406944	-16340208	14572292	130175000	300
-30177083	-9568750	137406944	-30912500	-20608333	130175000	300
-30177083	-30177083	137406944	-30912500	-20608333	130175000	300
30177083	-30177083	137406944	30912500	-20608333	130175000	300
30177083	9568750	137406944	14572292	16340208	130175000	300
30177083	30177083	137406944	20608333	30912500	130175000	300
9568750	30177083	137406944	20608333	30912500	130175000	300
-9568750	30177083	137406944	-20608333	30912500	130175000	300
-30177083	30177083	137406944	-20608333	30912500	130175000	300
30177083	-9568750	137406944	30912500	-20608333	130175000	300
-30177083	-9568750	137406944	-14572292	-16340208	130175000	300
-9568750	-30177083	137406944	-20608333	-30912500	130175000	300
-30177083	-30177083	137406944	-20608333	-30912500	130175000	300
30177083	-30177083	137406944	20608333	-30912500	130175000	300
9568750	-30177083	137406944	20608333	-30912500	130175000	300
-30177083	9568750	137406944	-30912500	0	130175000	300
-30177083	-9568750	137406944	-30912500	0	130175000	300
30177083	9568750	137406944	30912500	0	130175000	300
30177083	-9568750	137406944	30912500	0	130175000	300
-9568750	30177083	137406944	0	30912500	130175000	300
-30177083	30177083	137406944	-30912500	30912500	130175000	300
30177083	30177083	137406944	30912500	30912500	130175000	101
9568750	30177083	137406944	0	30912500	130175000	300
-30177083	-30177083	137406944	-30912500	-30912500	130175000	300
9568750	-30177083	137406944	0	-30912500	130175000	300
30177083	-30177083	137406944	30912500	-30912500	130175000	300
-9568750	-30177083	137406944	0	-30912500	130175000	300
16340208	-14572292	130175000	30177083	-9568750	137406944	300
-16340208	14572292	130175000	-30177083	9568750	137406944	300
14572292	16340208	130175000	9568750	30177083	137406944	300
-14572292	-16340208	130175000	-9568750	-30177083	137406944	300
-30177083	30177083	137406944	-30177083	9568750	137406944	300
30177083	30177083	137406944	30177083	9568750	137406944	300
9568750	-30177083	137406944	30177083	-9568750	137406944	300
-30177083	-30177083	137406944	-30177083	-9568750	137406944	300
-9568750	30177083	137406944	-30177083	9568750	137406944	300
-30177083	30177083	137406944	-9568750	30177083	137406944	300
30177083	9568750	137406944	9568750	30177083	137406944	300
30177083	30177083	137406944	9568750	30177083	137406944	300
-30177083	-30177083	137406944	-9568750	-30177083	137406944	300
-30177083	-9568750	137406944	-9568750	-30177083	137406944	300
30177083	-30177083	137406944	30177083	-9568750	137406944	300
30177083	-30177083	137406944	9568750	-30177083	137406944	300
-29441667	-29441667	144638889	-30177083	-30177083	137406944	300
29441667	-29441667	144638889	30177083	-30177083	137406944	300
29441667	29441667	144638889	30177083	30177083	137406944	101
-29441667	29441667	144638889	-30177083	30177083	137406944	300
-29441667	19137500	144638889	-30177083	9568750	137406944	300
29441667	19137500	144638889	30177083	9568750	137406944	300
-29441667	-19137500	144638889	-30177083	-9568750	137406944	300
29441667	-19137500	144638889	30177083	-9568750	137406944	300
19137500	29441667	144638889	9568750	30177083	137406944	300
-19137500	29441667	144638889	-9568750	30177083	137406944	300
-19137500	-29441667	144638889	-9568750	-30177083	137406944	300
19137500	-29441667	144638889	9568750	-30177083	137406944	300
-30177083	-30177083	137406944	-29441667	-19137500	144638889	300
30177083	30177083	137406944	29441667	19137500	144638889	300
-30177083	30177083	137406944	-29441667	19137500	144638889	300
-30177083	30177083	137406944	-19137500	29441667	144638889	300
-30177083	-30177083	137406944	-19137500	-29441667	144638889	300
30177083	30177083	137406944	19137500	29441667	144638889	300
30177083	-30177083	137406944	29441667	-19137500	144638889	300
30177083	-30177083	137406944	19137500	-29441667	144638889	300
-29441667	-29441667	144638889	-29441667	-19137500	144638889	300
-19137500	29441667	144638889	-29441667	19137500	144638889	300
19137500	-29441667	144638889	29441667	-19137500	144638889	300
-29441667	29441667	144638889	-29441667	19137500	144638889	300
29441667	29441667	144638889	29441667	19137500	144638889	300
29441667	19137500	144638889	19137500	29441667	144638889	300
-29441667	-29441667	144638889	-19137500	-29441667	144638889	300
-29441667	29441667	144638889	-19137500	29441667	144638889	300
29441667	29441667	144638889	19137500	29441667	144638889	300
29441667	-29441667	144638889	29441667	-19137500	144638889	300
-29441667	-19137500	144638889	-19137500	-29441667	144638889	300
29441667	-29441667	144638889	19137500	-29441667	144638889	300
28706250	-28706250	151870833	29441667	-29441667	144638889	300
-28706250	-28706250	151870833	-29441667	-29441667	144638889	300
28706250	28706250	151870833	29441667	29441667	144638889	101
-28706250	28706250	151870833	-29441667	29441667	144638889	300
-28706250	-28706250	151870833	-29441667	-19137500	144638889	300
-28706250	28706250	151870833	-29441667	19137500	144638889	300
-28706250	28706250	151870833	-19137500	29441667	144638889	300
28706250	28706250	151870833	19137500	29441667	144638889	300
28706250	28706250	151870833	29441667	19137500	144638889	300
28706250	-28706250	151870833	29441667	-19137500	144638889	300
28706250	-28706250	151870833	19137500	-29441667	144638889	300
-28706250	-28706250	151870833	-19137500	-29441667	144638889	300
-27970833	-19137500	159102778	-28706250	-28706250	151870833	300
27970833	19137500	159102778	28706250	28706250	151870833	300
-27970833	19137500	159102778	-28706250	28706250	151870833	300
-27970833	27970833	159102778	-28706250	28706250	151870833	300
-19137500	27970833	159102778	-28706250	28706250	151870833	300
27970833	27970833	159102778	28706250	28706250	151870833	101
19137500	27970833	159102778	28706250	28706250	151870833	300
-27970833	-27970833	159102778	-28706250	-28706250	151870833	300
19137500	-27970833	159102778	28706250	-28706250	151870833	300
27970833	-19137500	159102778	28706250	-28706250	151870833	300
-19137500	-27970833	159102778	-28706250	-28706250	151870833	300
27970833	-27970833	159102778	28706250	-28706250	151870833	300
-19137500	27970833	159102778	-27970833	19137500	159102778	300
-27970833	19137500	159102778	-27970833	27970833	159102778	300
-27970833	-19137500	159102778	-27970833	-27970833	159102778	300
27970833	19137500	159102778	19137500	27970833	159102778	300
-19137500	-27970833	159102778	-27970833	-27970833	159102778	300
19137500	27970833	159102778	27970833	27970833	159102778	300
-19137500	27970833	159102778	-27970833	27970833	159102778	300
19137500	-27970833	159102778	27970833	-27970833	159102778	300
27970833	19137500	159102778	27970833	27970833	159102778	300
19137500	-27970833	159102778	27970833	-19137500	159102778	300
-27970833	-19137500	159102778	-19137500	-27970833	159102778	300
27970833	-19137500	159102778	27970833	-27970833	159102778	300
27235417	9568750	166334722	27970833	19137500	159102778	300
27235417	27235417	166334722	27970833	19137500	159102778	300
27235417	-9568750	166334722	27970833	-19137500	159102778	300
27235417	-27235417	166334722	19137500	-27970833	159102778	300
27235417	-27235417	166334722	27970833	-19137500	159102778	300
-27235417	27235417	166334722	-27970833	19137500	159102778	300
-27235417	-27235417	166334722	-27970833	-19137500	159102778	300
-27235417	9568750	166334722	-27970833	19137500	159102778	300
-27235417	-9568750	166334722	-27970833	-19137500	159102778	300
-27235417	27235417	166334722	-27970833	27970833	159102778	300
-9568750	27235417	166334722	-19137500	27970833	159102778	300
9568750	27235417	166334722	19137500	27970833	159102778	300
27235417	27235417	166334722	19137500	27970833	159102778	300
27235417	27235417	166334722	27970833	27970833	159102778	101
-27235417	27235417	166334722	-19137500	27970833	159102778	300
27235417	-27235417	166334722	27970833	-27970833	159102778	300
9568750	-27235417	166334722	19137500	-27970833	159102778	300
-9568750	-27235417	166334722	-19137500	-27970833	159102778	300
-27235417	-27235417	166334722	-19137500	-27970833	159102778	300
-27235417	-27235417	166334722	-27970833	-27970833	159102778	300
9568750	-27235417	166334722	27235417	-9568750	166334722	300
27235417	9568750	166334722	27235417	27235417	166334722	300
27235417	-9568750	166334722	27235417	-27235417	166334722	300
-27235417	9568750	166334722	-27235417	27235417	166334722	300
-27235417	-9568750	166334722	-27235417	-27235417	166334722	300
-9568750	27235417	166334722	-27235417	9568750	166334722	300
27235417	9568750	166334722	9568750	27235417	166334722	300
-9568750	27235417	166334722	-27235417	27235417	166334722	300
9568750	27235417	166334722	27235417	27235417	166334722	300
-27235417	-9568750	166334722	-9568750	-27235417	166334722	300
9568750	-27235417	166334722	27235417	-27235417	166334722	300
-9568750	-27235417	166334722	-27235417	-27235417	166334722	300
-26500000	0	173566667	-27235417	9568750	166334722	300
26500000	0	173566667	27235417	9568750	166334722	300
-26500000	0	173566667	-27235417	-9568750	166334722	300
0	26500000	173566667	-9568750	27235417	166334722	300
0	26500000	173566667	9568750	27235417	166334722	300
0	-26500000	173566667	-9568750	-27235417	166334722	300
26500000	0	173566667	27235417	-9568750	166334722	300
0	-26500000	173566667	9568750	-27235417	166334722	300
14007780	-12492220	173566667	9568750	-27235417	166334722	300
-12492220	-14007780	173566667	-27235417	-9568750	166334722	300
-14007780	12492220	173566667	-9568750	27235417	166334722	300
-26500000	26500000	173566667	-27235417	27235417	166334722	300
26500000	26500000	173566667	27235417	27235417	166334722	101
12492220	14007780	173566667	27235417	9568750	166334722	300
26500000	-26500000	173566667	27235417	-27235417	166334722	300
-26500000	-26500000	173566667	-27235417	-27235417	166334722	300
-27235417	9568750	166334722	-26500000	17666667	173566667	300
-27235417	-9568750	166334722	-26500000	-17666667	173566667	300
27235417	-9568750	166334722	14007780	-12492220	173566667	300
-27235417	9568750	166334722	-14007780	12492220	173566667	300
27235417	9568750	166334722	26500000	17666667	173566667	300
-9568750	-27235417	166334722	-17666667	-26500000	173566667	300
9568750	27235417	166334722	12492220	14007780	173566667	300
9568750	27235417	166334722	17666667	26500000	173566667	300
-9568750	27235417	166334722	-17666667	26500000	173566667	300
-9568750	-27235417	166334722	-12492220	-14007780	173566667	300
27235417	-9568750	166334722	26500000	-17666667	173566667	300
9568750	-27235417	166334722	17666667	-26500000	173566667	300
27235417	27235417	166334722	26500000	17666667	173566667	300
27235417	-27235417	166334722	26500000	-17666667	173566667	300
-27235417	-27235417	166334722	-26500000	-17666667	173566667	300
-27235417	27235417	166334722	-26500000	17666667	173566667	300
27235417	-27235417	166334722	17666667	-26500000	173566667	300
-27235417	27235417	166334722	-17666667	26500000	173566667	300
27235417	27235417	166334722	17666667	26500000	173566667	300
-27235417	-27235417	166334722	-17666667	-26500000	173566667	300
-26500000	0	173566667	-26500000	17666667	173566667	300
-26500000	0	173566667	-26500000	-17666667	173566667	300
26500000	0	173566667	26500000	17666667	173566667	300
17666667	-26500000	173566667	14007780	-12492220	173566667	300
26500000	0	173566667	14007780	-12492220	173566667	300
14007780	-12492220	173566667	0	-26500000	173566667	300
26500000	-17666667	173566667	14007780	-12492220	173566667	300
26500000	-17666667	173566667	17666667	-26500000	173566667	300
-26500000	0	173566667	26500000	0	173566667	100
0	26500000	173566667	0	-26500000	173566667	100
-26500000	17666667	173566667	-14007780	12492220	173566667	300
-26500000	17666667	173566667	-17666667	26500000	173566667	300
-17666667	26500000	173566667	-14007780	12492220	173566667	300
-26500000	0	173566667	-14007780	12492220	173566667	300
-14007780	12492220	173566667	0	26500000	173566667	300
17666667	26500000	173566667	26500000	17666667	173566667	300
0	26500000	173566667	12492220	14007780	173566667	300
26500000	17666667	173566667	12492220	14007780	173566667	300
17666667	26500000	173566667	12492220	14007780	173566667	300
12492220	14007780	173566667	26500000	0	173566667	300
0	26500000	173566667	17666667	26500000	173566667	300
0	26500000	173566667	-17666667	26500000	173566667	300
0	-26500000	173566667	-12492220	-14007780	173566667	300
-12492220	-14007780	173566667	-26500000	0	173566667	300
26500000	0	173566667	26500000	-17666667	173566667	300
-17666667	-26500000	173566667	-26500000	-17666667	173566667	300
0	-26500000	173566667	17666667	-26500000	173566667	300
0	-26500000	173566667	-17666667	-26500000	173566667	300
-26500000	-17666667	173566667	-12492220	-14007780	173566667	300
-17666667	-26500000	173566667	-12492220	-14007780	173566667	300
26500000	17666667	173566667	26500000	26500000	173566667	300
26500000	-17666667	173566667	26500000	-26500000	173566667	300
-26500000	-17666667	173566667	-26500000	-26500000	173566667	300
-26500000	17666667	173566667	-26500000	26500000	173566667	300
-17666667	26500000	173566667	-26500000	26500000	173566667	300
17666667	26500000	173566667	26500000	26500000	173566667	300
-17666667	-26500000	173566667	-26500000	-26500000	173566667	300
17666667	-26500000	173566667	26500000	-26500000	173566667	300
-25764583	8097917	180798611	-26500000	17666667	173566667	300
-25764583	25764583	180798611	-26500000	17666667	173566667	300
25764583	-8097917	180798611	14007780	-12492220	173566667	300
-25764583	-8097917	180798611	-26500000	-17666667	173566667	300
-25764583	8097917	180798611	-26500000	0	173566667	300
25764583	25764583	180798611	26500000	17666667	173566667	300
25764583	8097917	180798611	26500000	0	173566667	300
25764583	8097917	180798611	26500000	17666667	173566667	300
-25764583	-25764583	180798611	-26500000	-17666667	173566667	300
-25764583	-8097917	180798611	-26500000	0	173566667	300
-25764583	8097917	180798611	-14007780	12492220	173566667	300
-8097917	-25764583	180798611	-17666667	-26500000	173566667	300
8097917	25764583	180798611	12492220	14007780	173566667	300
-8097917	25764583	180798611	0	26500000	173566667	300
25764583	25764583	180798611	17666667	26500000	173566667	300
8097917	25764583	180798611	17666667	26500000	173566667	300
8097917	25764583	180798611	0	26500000	173566667	300
-8097917	25764583	180798611	-17666667	26500000	173566667	300
-25764583	25764583	180798611	-17666667	26500000	173566667	300
-25764583	-25764583	180798611	-17666667	-26500000	173566667	300
-8097917	-25764583	180798611	-12492220	-14007780	173566667	300
25764583	-8097917	180798611	26500000	0	173566667	300
25764583	-8097917	180798611	26500000	-17666667	173566667	300
25764583	-25764583	180798611	26500000	-17666667	173566667	300
-8097917	-25764583	180798611	0	-26500000	173566667	300
8097917	-25764583	180798611	17666667	-26500000	173566667	300
25764583	-25764583	180798611	17666667	-26500000	173566667	300
8097917	-25764583	180798611	0	-26500000	173566667	300
25764583	-25764583	180798611	26500000	-26500000	173566667	300
25764583	25764583	180798611	26500000	26500000	173566667	101
-25764583	-25764583	180798611	-26500000	-26500000	173566667	300
-25764583	25764583	180798611	-26500000	26500000	173566667	300
14007780	-12492220	173566667	8097917	-25764583	180798611	300
-14007780	12492220	173566667	-8097917	25764583	180798611	300
12492220	14007780	173566667	25764583	8097917	180798611	300
-12492220	-14007780	173566667	-25764583	-8097917	180798611	300
8097917	-25764583	180798611	25764583	-8097917	180798611	300
-25764583	25764583	180798611	-25764583	8097917	180798611	300
25764583	-25764583	180798611	25764583	-8097917	180798611	300
25764583	25764583	180798611	25764583	8097917	180798611	300
-25764583	-25764583	180798611	-25764583	-8097917	180798611	300
-8097917	25764583	180798611	-25764583	8097917	180798611	300
25764583	8097917	180798611	8097917	25764583	180798611	300
25764583	25764583	180798611	8097917	25764583	180798611	300
-25764583	25764583	180798611	-8097917	25764583	180798611	300
-25764583	-8097917	180798611	-8097917	-25764583	180798611	300
-25764583	-25764583	180798611	-8097917	-25764583	180798611	300
25764583	-25764583	180798611	8097917	-25764583	180798611	300
25029167	16195833	188030556	25764583	8097917	180798611	300
-25029167	16195833	188030556	-25764583	25764583	180798611	300
25029167	-16195833	188030556	25764583	-25764583	180798611	300
25029167	-16195833	188030556	25764583	-8097917	180798611	300
25029167	16195833	188030556	25764583	25764583	180798611	300
-25029167	16195833	188030556	-25764583	8097917	180798611	300
-25029167	-16195833	188030556	-25764583	-25764583	180798611	300
-25029167	-16195833	188030556	-25764583	-8097917	180798611	300
-16195833	25029167	188030556	-8097917	25764583	180798611	300
-16195833	25029167	188030556	-25764583	25764583	180798611	300
-25029167	25029167	188030556	-25764583	25764583	180798611	300
16195833	25029167	188030556	25764583	25764583	180798611	300
25029167	25029167	188030556	25764583	25764583	180798611	101
16195833	25029167	188030556	8097917	25764583	180798611	300
16195833	-25029167	188030556	8097917	-25764583	180798611	300
16195833	-25029167	188030556	25764583	-25764583	180798611	300
25029167	-25029167	188030556	25764583	-25764583	180798611	300
-16195833	-25029167	188030556	-25764583	-25764583	180798611	300
-25029167	-25029167	188030556	-25764583	-25764583	180798611	300
-16195833	-25029167	188030556	-8097917	-25764583	180798611	300
-25029167	-16195833	188030556	-25029167	-25029167	188030556	300
-16195833	25029167	188030556	-25029167	16195833	188030556	300
-25029167	16195833	188030556	-25029167	25029167	188030556	300
25029167	16195833	188030556	16195833	25029167	188030556	300
-16195833	-25029167	188030556	-25029167	-25029167	188030556	300
16195833	25029167	188030556	25029167	25029167	188030556	300
-16195833	25029167	188030556	-25029167	25029167	188030556	300
16195833	-25029167	188030556	25029167	-25029167	188030556	300
25029167	16195833	188030556	25029167	25029167	188030556	300
16195833	-25029167	188030556	25029167	-16195833	188030556	300
-25029167	-16195833	188030556	-16195833	-25029167	188030556	300
25029167	-16195833	188030556	25029167	-25029167	188030556	300
-24293750	24293750	195262500	-25029167	16195833	188030556	300
24293750	24293750	195262500	25029167	16195833	188030556	300
-24293750	-24293750	195262500	-25029167	-16195833	188030556	300
24293750	-24293750	195262500	25029167	-16195833	188030556	300
-24293750	24293750	195262500	-16195833	25029167	188030556	300
24293750	24293750	195262500	16195833	25029167	188030556	300
24293750	-24293750	195262500	16195833	-25029167	188030556	300
-24293750	-24293750	195262500	-16195833	-25029167	188030556	300
25029167	-25029167	188030556	24293750	-24293750	195262500	300
25029167	25029167	188030556	24293750	24293750	195262500	101
-25029167	25029167	188030556	-24293750	24293750	195262500	300
-25029167	-25029167	188030556	-24293750	-24293750	195262500	300
-23558333	-16195833	202494444	-24293750	-24293750	195262500	300
23558333	16195833	202494444	24293750	24293750	195262500	300
-23558333	16195833	202494444	-24293750	24293750	195262500	300
23558333	-16195833	202494444	24293750	-24293750	195262500	300
-23558333	23558333	202494444	-24293750	24293750	195262500	300
-16195833	23558333	202494444	-24293750	24293750	195262500	300
23558333	23558333	202494444	24293750	24293750	195262500	101
16195833	23558333	202494444	24293750	24293750	195262500	300
23558333	-23558333	202494444	24293750	-24293750	195262500	300
16195833	-23558333	202494444	24293750	-24293750	195262500	300
-23558333	-23558333	202494444	-24293750	-24293750	195262500	300
-16195833	-23558333	202494444	-24293750	-24293750	195262500	300
-23558333	-16195833	202494444	-23558333	-23558333	202494444	300
-23558333	16195833	202494444	-23558333	23558333	202494444	300
16195833	-23558333	202494444	23558333	-16195833	202494444	300
-16195833	23558333	202494444	-23558333	16195833	202494444	300
23558333	16195833	202494444	23558333	23558333	202494444	300
23558333	16195833	202494444	16195833	23558333	202494444	300
-16195833	23558333	202494444	-23558333	23558333	202494444	300
16195833	23558333	202494444	23558333	23558333	202494444	300
-16195833	-23558333	202494444	-23558333	-23558333	202494444	300
23558333	-16195833	202494444	23558333	-23558333	202494444	300
-23558333	-16195833	202494444	-16195833	-23558333	202494444	300
16195833	-23558333	202494444	23558333	-23558333	202494444	300
-22822917	-8097917	209726389	-23558333	-16195833	202494444	300
22822917	8097917	209726389	23558333	16195833	202494444	300
-22822917	8097917	209726389	-23558333	16195833	202494444	300
-22822917	22822917	209726389	-23558333	23558333	202494444	300
-8097917	22822917	209726389	-16195833	23558333	202494444	300
22822917	22822917	209726389	23558333	23558333	202494444	101
8097917	22822917	209726389	16195833	23558333	202494444	300
-22822917	-22822917	209726389	-23558333	-23558333	202494444	300
8097917	-22822917	209726389	16195833	-23558333	202494444	300
22822917	-8097917	209726389	23558333	-16195833	202494444	300
-8097917	-22822917	209726389	-16195833	-23558333	202494444	300
22822917	-22822917	209726389	23558333	-23558333	202494444	300
23558333	16195833	202494444	22822917	22822917	209726389	300
23558333	-16195833	202494444	22822917	-22822917	209726389	300
-23558333	16195833	202494444	-22822917	22822917	209726389	300
-23558333	-16195833	202494444	-22822917	-22822917	209726389	300
-16195833	23558333	202494444	-22822917	22822917	209726389	300
16195833	23558333	202494444	22822917	22822917	209726389	300
16195833	-23558333	202494444	22822917	-22822917	209726389	300
-16195833	-23558333	202494444	-22822917	-22822917	209726389	300
22822917	8097917	209726389	22822917	22822917	209726389	300
8097917	-22822917	209726389	22822917	-8097917	209726389	300
22822917	-8097917	209726389	22822917	-22822917	209726389	300
-22822917	8097917	209726389	-22822917	22822917	209726389	300
-8097917	22822917	209726389	-22822917	8097917	209726389	300
-22822917	-8097917	209726389	-22822917	-22822917	209726389	300
-8097917	22822917	209726389	-22822917	22822917	209726389	300
22822917	8097917	209726389	8097917	22822917	209726389	300
8097917	22822917	209726389	22822917	22822917	209726389	300
8097917	-22822917	209726389	22822917	-22822917	209726389	300
-22822917	-8097917	209726389	-8097917	-22822917	209726389	300
-8097917	-22822917	209726389	-22822917	-22822917	209726389	300
22087500	14725000	216958333	22822917	22822917	209726389	300
11675353	-10412147	216958333	22822917	-8097917	209726389	300
-10412147	-11675353	216958333	-8097917	-22822917	209726389	300
22087500	-14725000	216958333	22822917	-22822917	209726389	300
-11675353	10412147	216958333	-22822917	8097917	209726389	300
-22087500	-14725000	216958333	-22822917	-22822917	209726389	300
-22087500	14725000	216958333	-22822917	22822917	209726389	300
-14725000	22087500	216958333	-22822917	22822917	209726389	300
-22087500	22087500	216958333	-22822917	22822917	209726389	300
14725000	22087500	216958333	22822917	22822917	209726389	300
22087500	22087500	216958333	22822917	22822917	209726389	101
10412147	11675353	216958333	8097917	22822917	209726389	300
14725000	-22087500	216958333	22822917	-22822917	209726389	300
22087500	-22087500	216958333	22822917	-22822917	209726389	300
-14725000	-22087500	216958333	-22822917	-22822917	209726389	300
-22087500	-22087500	216958333	-22822917	-22822917	209726389	300
-22087500	0	216958333	-22822917	8097917	209726389	300
22087500	0	216958333	22822917	8097917	209726389	300
-22087500	0	216958333	-22822917	-8097917	209726389	300
0	22087500	216958333	-8097917	22822917	209726389	300
0	22087500	216958333	8097917	22822917	209726389	300
0	-22087500	216958333	-8097917	-22822917	209726389	300
22087500	0	216958333	22822917	-8097917	209726389	300
0	-22087500	216958333	8097917	-22822917	209726389	300
-22822917	-8097917	209726389	-22087500	-14725000	216958333	300
-22822917	8097917	209726389	-22087500	14725000	216958333	300
22822917	8097917	209726389	22087500	14725000	216958333	300
-8097917	22822917	209726389	-14725000	22087500	216958333	300
8097917	22822917	209726389	14725000	22087500	216958333	300
-8097917	-22822917	209726389	-14725000	-22087500	216958333	300
22822917	-8097917	209726389	22087500	-14725000	216958333	300
8097917	-22822917	209726389	14725000	-22087500	216958333	300
8097917	-22822917	209726389	11675353	-10412147	216958333	300
-8097917	22822917	209726389	-11675353	10412147	216958333	300
22822917	8097917	209726389	10412147	11675353	216958333	300
-22822917	-8097917	209726389	-10412147	-11675353	216958333	300
22087500	0	216958333	22087500	14725000	216958333	300
22087500	14725000	216958333	22087500	22087500	216958333	300
22087500	-14725000	216958333	22087500	-22087500	216958333	300
22087500	0	216958333	22087500	-14725000	216958333	300
-22087500	0	216958333	-22087500	-14725000	216958333	300
-22087500	-14725000	216958333	-22087500	-22087500	216958333	300
-22087500	14725000	216958333	-22087500	22087500	216958333	300
-22087500	0	216958333	-22087500	14725000	216958333	300
0	22087500	216958333	-14725000	22087500	216958333	300
-14725000	22087500	216958333	-22087500	22087500	216958333	300
14725000	22087500	216958333	22087500	22087500	216958333	300
0	22087500	216958333	14725000	22087500	216958333	300
0	-22087500	216958333	14725000	-22087500	216958333	300
14725000	-22087500	216958333	22087500	-22087500	216958333	300
-14725000	-22087500	216958333	-22087500	-22087500	216958333	300
0	-22087500	216958333	-14725000	-22087500	216958333	300
-22087500	0	216958333	-11675353	10412147	216958333	300
-22087500	14725000	216958333	-14725000	22087500	216958333	300
-11675353	10412147	216958333	-22087500	14725000	216958333	300
0	22087500	216958333	-11675353	10412147	216958333	300
22087500	-14725000	216958333	14725000	-22087500	216958333	300
11675353	-10412147	216958333	22087500	-14725000	216958333	300
0	-22087500	216958333	11675353	-10412147	216958333	300
14725000	-22087500	216958333	11675353	-10412147	216958333	300
0	22087500	216958333	0	-22087500	216958333	100
-22087500	0	216958333	22087500	0	216958333	100
-14725000	22087500	216958333	-11675353	10412147	216958333	300
22087500	0	216958333	11675353	-10412147	216958333	300
22087500	14725000	216958333	10412147	11675353	216958333	300
14725000	22087500	216958333	22087500	14725000	216958333	300
10412147	11675353	216958333	14725000	22087500	216958333	300
22087500	0	216958333	10412147	11675353	216958333	300
0	22087500	216958333	10412147	11675353	216958333	300
-22087500	-14725000	216958333	-10412147	-11675353	216958333	300
-14725000	-22087500	216958333	-22087500	-14725000	216958333	300
-10412147	-11675353	216958333	-14725000	-22087500	216958333	300
-22087500	0	216958333	-10412147	-11675353	216958333	300
0	-22087500	216958333	-10412147	-11675353	216958333	300
21523681	21523681	222502824	22087500	14725000	216958333	300
21523681	6798681	222502824	22087500	14725000	216958333	300
21523681	-21523681	222502824	22087500	-14725000	216958333	300
21523681	-6798681	222502824	22087500	-14725000	216958333	300
-21523681	-21523681	222502824	-22087500	-14725000	216958333	300
-21523681	-6798681	222502824	-22087500	-14725000	216958333	300
-21523681	21523681	222502824	-22087500	14725000	216958333	300
-21523681	6798681	222502824	-22087500	14725000	216958333	300
-21523681	21523681	222502824	-14725000	22087500	216958333	300
-6798681	21523681	222502824	-14725000	22087500	216958333	300
21523681	21523681	222502824	14725000	22087500	216958333	300
6798681	21523681	222502824	14725000	22087500	216958333	300
21523681	-21523681	222502824	14725000	-22087500	216958333	300
6798681	-21523681	222502824	14725000	-22087500	216958333	300
-21523681	-21523681	222502824	-14725000	-22087500	216958333	300
-6798681	-21523681	222502824	-14725000	-22087500	216958333	300
-21523681	-6798681	222502824	-22087500	0	216958333	300
-21523681	6798681	222502824	-22087500	0	216958333	300
21523681	-6798681	222502824	11675353	-10412147	216958333	300
-21523681	6798681	222502824	-11675353	10412147	216958333	300
-21523681	-21523681	222502824	-22087500	-22087500	216958333	300
6798681	21523681	222502824	10412147	11675353	216958333	300
-21523681	21523681	222502824	-22087500	22087500	216958333	300
6798681	21523681	222502824	0	22087500	216958333	300
21523681	21523681	222502824	22087500	22087500	216958333	101
-6798681	21523681	222502824	0	22087500	216958333	300
21523681	6798681	222502824	22087500	0	216958333	300
21523681	-6798681	222502824	22087500	0	216958333	300
-6798681	-21523681	222502824	-10412147	-11675353	216958333	300
6798681	-21523681	222502824	0	-22087500	216958333	300
21523681	-21523681	222502824	22087500	-22087500	216958333	300
-6798681	-21523681	222502824	0	-22087500	216958333	300
11675353	-10412147	216958333	6798681	-21523681	222502824	300
-10412147	-11675353	216958333	-21523681	-6798681	222502824	300
-11675353	10412147	216958333	-6798681	21523681	222502824	300
10412147	11675353	216958333	21523681	6798681	222502824	300
6798681	-21523681	222502824	21523681	-6798681	222502824	300
21523681	6798681	222502824	21523681	21523681	222502824	300
21523681	-6798681	222502824	21523681	-21523681	222502824	300
-21523681	6798681	222502824	-21523681	21523681	222502824	300
-21523681	-6798681	222502824	-21523681	-21523681	222502824	300
-6798681	21523681	222502824	-21523681	6798681	222502824	300
21523681	6798681	222502824	6798681	21523681	222502824	300
-6798681	21523681	222502824	-21523681	21523681	222502824	300
6798681	21523681	222502824	21523681	21523681	222502824	300
-21523681	-6798681	222502824	-6798681	-21523681	222502824	300
6798681	-21523681	222502824	21523681	-21523681	222502824	300
-6798681	-21523681	222502824	-21523681	-21523681	222502824	300
20959861	13597361	228047315	21523681	6798681	222502824	300
-20959861	13597361	228047315	-21523681	21523681	222502824	300
20959861	-13597361	228047315	21523681	-6798681	222502824	300
20959861	13597361	228047315	21523681	21523681	222502824	300
-20959861	-13597361	228047315	-21523681	-6798681	222502824	300
-20959861	13597361	228047315	-21523681	6798681	222502824	300
-20959861	-13597361	228047315	-21523681	-21523681	222502824	300
20959861	-13597361	228047315	21523681	-21523681	222502824	300
-13597361	20959861	228047315	-21523681	21523681	222502824	300
-13597361	20959861	228047315	-6798681	21523681	222502824	300
13597361	20959861	228047315	21523681	21523681	222502824	300
13597361	20959861	228047315	6798681	21523681	222502824	300
13597361	-20959861	228047315	21523681	-21523681	222502824	300
13597361	-20959861	228047315	6798681	-21523681	222502824	300
-13597361	-20959861	228047315	-21523681	-21523681	222502824	300
-13597361	-20959861	228047315	-6798681	-21523681	222502824	300
-20959861	20959861	228047315	-21523681	21523681	222502824	300
20959861	20959861	228047315	21523681	21523681	222502824	101
20959861	-20959861	228047315	21523681	-21523681	222502824	300
-20959861	-20959861	228047315	-21523681	-21523681	222502824	300
-13597361	20959861	228047315	-20959861	13597361	228047315	300
13597361	-20959861	228047315	20959861	-13597361	228047315	300
20959861	13597361	228047315	13597361	20959861	228047315	300
-20959861	-13597361	228047315	-13597361	-20959861	228047315	300
20959861	-13597361	228047315	20959861	-20959861	228047315	300
13597361	-20959861	228047315	20959861	-20959861	228047315	300
-20959861	-13597361	228047315	-20959861	-20959861	228047315	300
-20959861	13597361	228047315	-20959861	20959861	228047315	300
20959861	13597361	228047315	20959861	20959861	228047315	300
-13597361	20959861	228047315	-20959861	20959861	228047315	300
13597361	20959861	228047315	20959861	20959861	228047315	300
-13597361	-20959861	228047315	-20959861	-20959861	228047315	300
-20396042	-20396042	233591806	-20959861	-13597361	228047315	300
-20396042	20396042	233591806	-20959861	13597361	228047315	300
-20396042	-20396042	233591806	-13597361	-20959861	228047315	300
-20396042	20396042	233591806	-13597361	20959861	228047315	300
20396042	20396042	233591806	13597361	20959861	228047315	300
20396042	20396042	233591806	20959861	13597361	228047315	300
20396042	-20396042	233591806	20959861	-13597361	228047315	300
20396042	-20396042	233591806	13597361	-20959861	228047315	300
20396042	-20396042	233591806	20959861	-20959861	228047315	300
20396042	20396042	233591806	20959861	20959861	228047315	101
-20396042	-20396042	233591806	-20959861	-20959861	228047315	300
-20396042	20396042	233591806	-20959861	20959861	228047315	300
19832222	13597361	239136296	20396042	20396042	233591806	300
19832222	-13597361	239136296	20396042	-20396042	233591806	300
13597361	-19832222	239136296	20396042	-20396042	233591806	300
-19832222	13597361	239136296	-20396042	20396042	233591806	300
-19832222	-13597361	239136296	-20396042	-20396042	233591806	300
-19832222	19832222	239136296	-20396042	20396042	233591806	300
13597361	19832222	239136296	20396042	20396042	233591806	300
19832222	19832222	239136296	20396042	20396042	233591806	101
-13597361	19832222	239136296	-20396042	20396042	233591806	300
19832222	-19832222	239136296	20396042	-20396042	233591806	300
-13597361	-19832222	239136296	-20396042	-20396042	233591806	300
-19832222	-19832222	239136296	-20396042	-20396042	233591806	300
-19832222	13597361	239136296	-19832222	19832222	239136296	300
13597361	-19832222	239136296	19832222	-13597361	239136296	300
19832222	13597361	239136296	19832222	19832222	239136296	300
-13597361	19832222	239136296	-19832222	13597361	239136296	300
-19832222	-13597361	239136296	-19832222	-19832222	239136296	300
19832222	-13597361	239136296	19832222	-19832222	239136296	300
-13597361	19832222	239136296	-19832222	19832222	239136296	300
19832222	13597361	239136296	13597361	19832222	239136296	300
13597361	19832222	239136296	19832222	19832222	239136296	300
13597361	-19832222	239136296	19832222	-19832222	239136296	300
-19832222	-13597361	239136296	-13597361	-19832222	239136296	300
-13597361	-19832222	239136296	-19832222	-19832222	239136296	300
-19268403	19268403	244680787	-19832222	13597361	239136296	300
-19268403	-6798681	244680787	-19832222	-13597361	239136296	300
-19268403	6798681	244680787	-19832222	13597361	239136296	300
19268403	6798681	244680787	19832222	13597361	239136296	300
19268403	-6798681	244680787	19832222	-13597361	239136296	300
19268403	19268403	244680787	19832222	13597361	239136296	300
-19268403	-19268403	244680787	-19832222	-13597361	239136296	300
-19268403	19268403	244680787	-13597361	19832222	239136296	300
-19268403	19268403	244680787	-19832222	19832222	239136296	300
-6798681	19268403	244680787	-13597361	19832222	239136296	300
19268403	19268403	244680787	13597361	19832222	239136296	300
6798681	19268403	244680787	13597361	19832222	239136296	300
19268403	19268403	244680787	19832222	19832222	239136296	101
-19268403	-19268403	244680787	-13597361	-19832222	239136296	300
19268403	-19268403	244680787	19832222	-19832222	239136296	300
19268403	-19268403	244680787	19832222	-13597361	239136296	300
19268403	-19268403	244680787	13597361	-19832222	239136296	300
-19268403	-19268403	244680787	-19832222	-19832222	239136296	300
6798681	-19268403	244680787	13597361	-19832222	239136296	300
-6798681	-19268403	244680787	-13597361	-19832222	239136296	300
6798681	-19268403	244680787	19268403	-6798681	244680787	300
-19268403	6798681	244680787	-19268403	19268403	244680787	300
19268403	-6798681	244680787	19268403	-19268403	244680787	300
19268403	6798681	244680787	19268403	19268403	244680787	300
-19268403	-6798681	244680787	-19268403	-19268403	244680787	300
-6798681	19268403	244680787	-19268403	6798681	244680787	300
19268403	6798681	244680787	6798681	19268403	244680787	300
6798681	19268403	244680787	19268403	19268403	244680787	300
-6798681	19268403	244680787	-19268403	19268403	244680787	300
-19268403	-6798681	244680787	-6798681	-19268403	244680787	300
-6798681	-19268403	244680787	-19268403	-19268403	244680787	300
6798681	-19268403	244680787	19268403	-19268403	244680787	300
18704583	0	250225278	19268403	6798681	244680787	300
9887158	-8817425	250225278	19268403	-6798681	244680787	300
-18704583	12469722	250225278	-19268403	19268403	244680787	300
18704583	-12469722	250225278	19268403	-19268403	244680787	300
18704583	0	250225278	19268403	-6798681	244680787	300
18704583	12469722	250225278	19268403	19268403	244680787	300
-9887158	8817425	250225278	-19268403	6798681	244680787	300
-18704583	0	250225278	-19268403	6798681	244680787	300
-18704583	-12469722	250225278	-19268403	-19268403	244680787	300
-18704583	0	250225278	-19268403	-6798681	244680787	300
-18704583	18704583	250225278	-19268403	19268403	244680787	300
-12469722	18704583	250225278	-19268403	19268403	244680787	300
0	18704583	250225278	-6798681	19268403	244680787	300
8817425	9887158	250225278	6798681	19268403	244680787	300
12469722	18704583	250225278	19268403	19268403	244680787	300
18704583	18704583	250225278	19268403	19268403	244680787	101
0	18704583	250225278	6798681	19268403	244680787	300
18704583	-18704583	250225278	19268403	-19268403	244680787	300
12469722	-18704583	250225278	19268403	-19268403	244680787	300
0	-18704583	250225278	6798681	-19268403	244680787	300
-8817425	-9887158	250225278	-6798681	-19268403	244680787	300
-12469722	-18704583	250225278	-19268403	-19268403	244680787	300
-18704583	-18704583	250225278	-19268403	-19268403	244680787	300
0	-18704583	250225278	-6798681	-19268403	244680787	300
19268403	6798681	244680787	18704583	12469722	250225278	300
-19268403	6798681	244680787	-18704583	12469722	250225278	300
-19268403	-6798681	244680787	-18704583	-12469722	250225278	300
-6798681	19268403	244680787	-12469722	18704583	250225278	300
6798681	19268403	244680787	12469722	18704583	250225278	300
-6798681	-19268403	244680787	-12469722	-18704583	250225278	300
6798681	-19268403	244680787	12469722	-18704583	250225278	300
19268403	-6798681	244680787	18704583	-12469722	250225278	300
6798681	-19268403	244680787	9887158	-8817425	250225278	300
-6798681	19268403	244680787	-9887158	8817425	250225278	300
19268403	6798681	244680787	8817425	9887158	250225278	300
-19268403	-6798681	244680787	-8817425	-9887158	250225278	300
18704583	0	250225278	18704583	12469722	250225278	300
18704583	0	250225278	18704583	-12469722	250225278	300
-18704583	0	250225278	-18704583	12469722	250225278	300
-18704583	0	250225278	-18704583	-12469722	250225278	300
0	18704583	250225278	-12469722	18704583	250225278	300
0	18704583	250225278	12469722	18704583	250225278	300
0	-18704583	250225278	12469722	-18704583	250225278	300
0	-18704583	250225278	-12469722	-18704583	250225278	300
-18704583	0	250225278	-9887158	8817425	250225278	300
-18704583	-12469722	250225278	-18704583	-18704583	250225278	300
-18704583	12469722	250225278	-18704583	18704583	250225278	300
-12469722	18704583	250225278	-9887158	8817425	250225278	300
-18704583	12469722	250225278	-12469722	18704583	250225278	300
-9887158	8817425	250225278	0	18704583	250225278	300
12469722	-18704583	250225278	9887158	-8817425	250225278	300
18704583	-12469722	250225278	12469722	-18704583	250225278	300
9887158	-8817425	250225278	0	-18704583	250225278	300
18704583	-12469722	250225278	9887158	-8817425	250225278	300
-18704583	12469722	250225278	-9887158	8817425	250225278	300
0	18704583	250225278	0	-18704583	250225278	100
-18704583	0	250225278	18704583	0	250225278	100
12469722	18704583	250225278	8817425	9887158	250225278	300
18704583	12469722	250225278	8817425	9887158	250225278	300
12469722	18704583	250225278	18704583	12469722	250225278	300
12469722	18704583	250225278	18704583	18704583	250225278	300
8817425	9887158	250225278	18704583	0	250225278	300
0	18704583	250225278	8817425	9887158	250225278	300
-12469722	18704583	250225278	-18704583	18704583	250225278	300
-12469722	-18704583	250225278	-18704583	-18704583	250225278	300
-12469722	-18704583	250225278	-8817425	-9887158	250225278	300
18704583	0	250225278	9887158	-8817425	250225278	300
18704583	12469722	250225278	18704583	18704583	250225278	300
18704583	-12469722	250225278	18704583	-18704583	250225278	300
0	-18704583	250225278	-8817425	-9887158	250225278	300
12469722	-18704583	250225278	18704583	-18704583	250225278	300
-18704583	-12469722	250225278	-8817425	-9887158	250225278	300
-12469722	-18704583	250225278	-18704583	-12469722	250225278	300
-8817425	-9887158	250225278	-18704583	0	250225278	300
18361389	-5891667	253600185	18704583	-12469722	250225278	300
18361389	5891667	253600185	18704583	12469722	250225278	300
-18361389	5891667	253600185	-18704583	12469722	250225278	300
-18361389	-5891667	253600185	-18704583	-12469722	250225278	300
-5891667	18361389	253600185	-12469722	18704583	250225278	300
5891667	18361389	253600185	12469722	18704583	250225278	300
-5891667	-18361389	253600185	-12469722	-18704583	250225278	300
5891667	-18361389	253600185	12469722	-18704583	250225278	300
18361389	-5891667	253600185	9887158	-8817425	250225278	300
-18361389	5891667	253600185	-9887158	8817425	250225278	300
-18361389	-18361389	253600185	-18704583	-18704583	250225278	300
5891667	18361389	253600185	8817425	9887158	250225278	300
-18361389	18361389	253600185	-18704583	18704583	250225278	300
18361389	18361389	253600185	18704583	18704583	250225278	101
-5891667	-18361389	253600185	-8817425	-9887158	250225278	300
18361389	-18361389	253600185	18704583	-18704583	250225278	300
18704583	12469722	250225278	18361389	18361389	253600185	300
18704583	0	250225278	18361389	5891667	253600185	300
-18704583	12469722	250225278	-18361389	18361389	253600185	300
9887158	-8817425	250225278	5891667	-18361389	253600185	300
18704583	-12469722	250225278	18361389	-18361389	253600185	300
18704583	0	250225278	18361389	-5891667	253600185	300
-9887158	8817425	250225278	-5891667	18361389	253600185	300
-18704583	0	250225278	-18361389	5891667	253600185	300
-18704583	-12469722	250225278	-18361389	-18361389	253600185	300
-18704583	0	250225278	-18361389	-5891667	253600185	300
0	18704583	250225278	-5891667	18361389	253600185	300
8817425	9887158	250225278	18361389	5891667	253600185	300
-12469722	18704583	250225278	-18361389	18361389	253600185	300
12469722	18704583	250225278	18361389	18361389	253600185	300
0	18704583	250225278	5891667	18361389	253600185	300
0	-18704583	250225278	5891667	-18361389	253600185	300
-8817425	-9887158	250225278	-18361389	-5891667	253600185	300
12469722	-18704583	250225278	18361389	-18361389	253600185	300
-12469722	-18704583	250225278	-18361389	-18361389	253600185	300
0	-18704583	250225278	-5891667	-18361389	253600185	300
5891667	-18361389	253600185	18361389	-5891667	253600185	300
-18361389	5891667	253600185	-18361389	18361389	253600185	300
18361389	-5891667	253600185	18361389	-18361389	253600185	300
18361389	5891667	253600185	18361389	18361389	253600185	300
-5891667	18361389	253600185	-18361389	5891667	253600185	300
-18361389	-5891667	253600185	-18361389	-18361389	253600185	300
-5891667	18361389	253600185	-18361389	18361389	253600185	300
18361389	5891667	253600185	5891667	18361389	253600185	300
5891667	18361389	253600185	18361389	18361389	253600185	300
5891667	-18361389	253600185	18361389	-18361389	253600185	300
-18361389	-5891667	253600185	-5891667	-18361389	253600185	300
-5891667	-18361389	253600185	-18361389	-18361389	253600185	300
18018194	-11783333	256975093	18361389	-18361389	253600185	300
18018194	11783333	256975093	18361389	18361389	253600185	300
-18018194	-11783333	256975093	-18361389	-18361389	253600185	300
-18018194	11783333	256975093	-18361389	18361389	253600185	300
-18018194	18018194	256975093	-18361389	18361389	253600185	300
11783333	18018194	256975093	18361389	18361389	253600185	300
-11783333	18018194	256975093	-18361389	18361389	253600185	300
18018194	18018194	256975093	18361389	18361389	253600185	101
18018194	-18018194	256975093	18361389	-18361389	253600185	300
-11783333	-18018194	256975093	-18361389	-18361389	253600185	300
11783333	-18018194	256975093	18361389	-18361389	253600185	300
-18018194	-18018194	256975093	-18361389	-18361389	253600185	300
-18361389	-5891667	253600185	-18018194	-11783333	256975093	300
-18361389	5891667	253600185	-18018194	11783333	256975093	300
-5891667	18361389	253600185	-11783333	18018194	256975093	300
5891667	18361389	253600185	11783333	18018194	256975093	300
18361389	-5891667	253600185	18018194	-11783333	256975093	300
18361389	5891667	253600185	18018194	11783333	256975093	300
5891667	-18361389	253600185	11783333	-18018194	256975093	300
-5891667	-18361389	253600185	-11783333	-18018194	256975093	300
-11783333	18018194	256975093	-18018194	11783333	256975093	300
-18018194	-11783333	256975093	-18018194	-18018194	256975093	300
-18018194	11783333	256975093	-18018194	18018194	256975093	300
11783333	-18018194	256975093	18018194	-11783333	256975093	300
18018194	11783333	256975093	11783333	18018194	256975093	300
-11783333	-18018194	256975093	-18018194	-18018194	256975093	300
-11783333	18018194	256975093	-18018194	18018194	256975093	300
11783333	18018194	256975093	18018194	18018194	256975093	300
18018194	-11783333	256975093	18018194	-18018194	256975093	300
18018194	11783333	256975093	18018194	18018194	256975093	300
-18018194	-11783333	256975093	-11783333	-18018194	256975093	300
11783333	-18018194	256975093	18018194	-18018194	256975093	300
-17675000	17675000	260350000	-18018194	18018194	256975093	300
-17675000	-17675000	260350000	-18018194	-18018194	256975093	300
17675000	17675000	260350000	18018194	18018194	256975093	101
17675000	-17675000	260350000	18018194	-18018194	256975093	300
-18018194	-11783333	256975093	-17675000	-17675000	260350000	300
-18018194	11783333	256975093	-17675000	17675000	260350000	300
18018194	11783333	256975093	17675000	17675000	260350000	300
-11783333	18018194	256975093	-17675000	17675000	260350000	300
11783333	18018194	256975093	17675000	17675000	260350000	300
-11783333	-18018194	256975093	-17675000	-17675000	260350000	300
18018194	-11783333	256975093	17675000	-17675000	260350000	300
11783333	-18018194	256975093	17675000	-17675000	260350000	300
17675000	-17675000	260350000	17675000	17675000	260350000	300
-17675000	-17675000	260350000	17675000	-17675000	260350000	300
-17675000	17675000	260350000	-17675000	-17675000	260350000	300
17675000	17675000	260350000	-17675000	17675000	260350000	300
